desc: I1 cache:         16384 B, 64 B, 4-way associative
desc: D1 cache:         16384 B, 64 B, 4-way associative
desc: LL cache:         262144 B, 64 B, 8-way associative
cmd: ./hw3 1
events: Ir I1mr ILmr Dr D1mr DLmr Dw D1mw DLmw 
fl=/build/glibc-2.31/elf/../elf/dl-sysdep.c
fn=???
114 1 1 1 0 0 0 0 0 0
fn=_dl_sysdep_start
89 3 0 0 0 0 0 9 0 0
90 11 1 1 5 0 0 5 0 0
91 2 0 0 0 0 0 1 0 0
113 3 1 1 1 0 0 1 0 0
114 124 0 0 41 4 4 4 4 4
117 3 0 0 1 0 0 1 1 1
118 2 0 0 0 0 0 1 1 1
120 144 6 6 43 4 4 18 1 1
121 71 0 0 17 2 0 0 0 0
124 1 0 0 1 0 0 0 0 0
127 1 0 0 1 0 0 0 0 0
130 1 0 0 1 0 0 0 0 0
131 1 0 0 0 0 0 0 0 0
133 1 0 0 1 0 0 0 0 0
134 1 0 0 0 0 0 0 0 0
154 3 1 1 1 0 0 1 0 0
155 1 0 0 0 0 0 0 0 0
157 3 0 0 1 0 0 1 0 0
158 1 0 0 0 0 0 0 0 0
160 5 1 1 1 0 0 2 0 0
161 1 0 0 0 0 0 0 0 0
166 3 0 0 1 0 0 1 0 0
167 2 0 0 0 0 0 1 0 0
182 2 0 0 1 0 0 1 0 0
183 1 0 0 0 0 0 0 0 0
223 1 0 0 0 0 0 0 0 0
235 3 1 1 0 0 0 1 0 0
237 6 0 0 1 0 0 0 0 0
249 4 0 0 2 0 0 0 0 0
252 7 0 0 2 0 0 0 0 0
fl=/build/glibc-2.31/elf/../include/scratch_buffer.h
fn=_dl_map_object_deps
77 6 0 0 0 0 0 4 0 0
78 2 0 0 0 0 0 1 1 1
85 5 1 1 3 0 0 0 0 0
131 720 0 0 240 0 0 0 0 0
fl=/build/glibc-2.31/elf/../misc/sbrk.c
fn=brk
32 1 1 1 0 0 0 4 0 0
fn=sbrk
32 1 0 0 0 0 0 0 0 0
40 8 0 0 4 2 2 0 0 0
44 2 0 0 0 0 0 0 0 0
60 2 0 0 4 0 0 0 0 0
fl=/build/glibc-2.31/elf/../sysdeps/arm/dl-irel.h
fn=_dl_relocate_object
33 1068 0 0 308 158 22 190 0 0
fn=_dl_start
33 4 0 0 1 0 0 1 0 0
fl=/build/glibc-2.31/elf/../sysdeps/arm/dl-machine.h
fn=_dl_relocate_object
93 1448 0 0 362 0 0 0 0 0
100 144 0 0 144 44 44 0 0 0
104 144 0 0 72 72 72 0 0 0
105 0 0 0 0 0 0 0 0 0
106 72 0 0 0 0 0 72 0 0
114 216 1 1 72 0 0 0 0 0
127 288 1 1 144 134 19 72 0 0
367 31354 0 0 0 0 0 0 0 0
370 62708 0 0 0 0 0 0 0 0
387 62708 0 0 0 0 0 0 0 0
394 1449017 6 6 245398 29972 14290 213476 11652 53
395 310558 4 4 92982 2865 588 0 0 0
398 92982 0 0 0 0 0 0 0 0
399 354 1 1 0 0 0 0 0 0
400 826 0 0 118 0 0 0 0 0
403 281562 1 1 31468 13490 170 0 0 0
422 61876 1 1 30938 0 0 0 0 0
431 20151 0 0 10 0 0 20141 11313 1518
449 35776 2 2 11684 0 0 1086 0 0
455 900 1 1 0 0 0 0 0 0
458 44564 0 0 22282 6692 1252 11141 0 0
459 11141 0 0 0 0 0 0 0 0
484 216 0 0 72 72 4 72 0 0
491 156 1 1 78 0 0 0 0 0
507 70 0 0 0 0 0 0 0 0
508 105 0 0 35 10 8 35 13 7
512 18 0 0 6 0 0 0 0 0
513 30 0 0 12 0 0 6 0 0
517 81 1 1 27 0 0 0 0 0
519 108 1 1 27 5 3 0 0 0
520 162 0 0 54 7 1 27 0 0
524 9 0 0 6 2 0 0 0 0
525 6 0 0 3 0 0 0 0 0
526 557 1 1 187 38 3 183 32 3
527 3 0 0 0 0 0 3 0 0
528 103 0 0 0 0 0 0 0 0
556 1080 1 0 900 180 27 180 0 0
580 1260 0 0 360 0 0 360 0 0
619 540 0 0 180 0 0 180 0 0
637 584607 0 0 194869 31656 31656 194869 0 0
657 12410 1 1 12410 825 775 0 0 0
658 6205 0 0 0 0 0 0 0 0
660 12410 0 0 0 0 0 0 0 0
662 18615 0 0 6205 12 2 0 0 0
663 18615 0 0 6205 412 320 6205 0 0
fn=_dl_start
48 2 0 0 1 0 0 0 0 0
59 2 0 0 2 1 1 0 0 0
60 1 0 0 0 0 0 0 0 0
76 1 0 0 0 0 0 0 0 0
77 1 0 0 0 0 0 0 0 0
79 1 1 1 0 0 0 0 0 0
326 3 0 0 1 0 0 1 0 0
367 12 1 1 0 0 0 0 0 0
395 159 0 0 49 8 8 0 0 0
398 24 0 0 0 0 0 0 0 0
403 48 0 0 12 1 0 0 0 0
427 60 0 0 12 0 0 0 0 0
431 24 2 2 0 0 0 12 0 0
637 180 1 1 45 20 20 45 0 0
fn=_dl_sysdep_start
270 6 0 0 3 1 1 0 0 0
272 0 0 0 0 0 0 0 0 0
fl=/build/glibc-2.31/elf/../sysdeps/generic/ldsodefs.h
fn=_dl_new_object
1208 69 0 0 1 0 0 0 0 0
fn=_dl_relocate_object
126 93912 1 1 31304 0 0 0 0 0
fn=do_lookup_x
126 74358 0 0 24786 0 0 0 0 0
fl=/build/glibc-2.31/elf/../sysdeps/posix/dl-fileid.h
fn=_dl_map_object_from_fd
37 1440 2 1 0 0 0 0 0 0
40 480 1 1 480 1 1 480 0 0
41 480 0 0 480 0 0 480 0 0
49 289394 1 1 115777 31600 1578 0 0 0
fl=/build/glibc-2.31/elf/../sysdeps/unix/sysv/linux/arm/brk.c
fn=__libc_do_syscall
31 1 1 1 0 0 0 0 0 0
fn=brk
28 2 0 0 0 0 0 2 0 0
31 6 1 0 1 1 1 1 0 0
33 2 0 0 0 0 0 0 0 0
39 2 0 0 0 0 0 0 0 0
40 1 0 0 2 0 0 0 0 0
fl=/build/glibc-2.31/elf/../sysdeps/unix/sysv/linux/arm/dl-procinfo.h
fn=_dl_important_hwcaps
42 2 0 0 2 0 0 0 0 0
fl=/build/glibc-2.31/elf/../sysdeps/unix/sysv/linux/arm/libc-do-syscall.S
fn=???
40 1805 0 0 0 0 0 3610 86 25
fn=__libc_do_syscall
45 1805 0 0 0 0 0 0 0 0
46 1805 0 0 0 0 0 0 0 0
47 1805 0 0 3610 0 0 0 0 0
fl=/build/glibc-2.31/elf/../sysdeps/unix/sysv/linux/dl-execstack.c
fn=_dl_make_stack_executable
33 2 0 0 0 0 0 2 0 0
35 1 0 0 1 0 0 0 0 0
36 3 0 0 1 0 0 0 0 0
39 6 0 0 2 0 0 0 0 0
47 1 0 0 0 0 0 1 0 0
50 5 1 0 2 0 0 1 0 0
58 1 0 0 2 0 0 0 0 0
fn=_dl_scope_free
36 1 1 1 1 1 1 0 0 0
fl=/build/glibc-2.31/elf/../sysdeps/unix/sysv/linux/dl-osinfo.h
fn=dl_main
64 2 0 0 1 1 1 0 0 0
fl=/build/glibc-2.31/elf/../sysdeps/unix/sysv/linux/dl-sysdep.c
fn=_dl_discover_osversion
46 2 0 0 0 0 0 9 0 0
48 4 1 1 1 0 0 0 0 0
88 3 1 1 0 0 0 0 0 0
103 1 1 1 0 0 0 0 0 0
107 1 0 0 0 0 0 0 0 0
108 1 0 0 0 0 0 0 0 0
110 15 0 0 3 1 1 0 0 0
112 3 0 0 0 0 0 0 0 0
114 15 0 0 3 0 0 0 0 0
116 1 0 0 0 0 0 0 0 0
120 3 0 0 0 0 0 0 0 0
122 3 0 0 0 0 0 0 0 0
124 13 1 1 0 0 0 0 0 0
129 2 0 0 0 0 0 0 0 0
133 2 0 0 9 0 0 0 0 0
fn=_dl_show_auxv
48 1 1 1 1 1 0 0 0 0
fn=_dl_sysdep_start
36 2 0 0 0 0 0 0 0 0
fl=/build/glibc-2.31/elf/../sysdeps/unix/sysv/linux/dl-vdso-setup.h
fn=dl_main
27 5 1 1 1 1 1 2 0 0
30 4 1 1 1 0 0 1 0 0
33 3 1 1 1 0 0 1 0 0
fl=/build/glibc-2.31/elf/../sysdeps/unix/sysv/linux/dl-vdso.h
fn=dl_main
40 3 1 1 2 1 1 0 0 0
41 2 0 0 0 0 0 0 0 0
55 2 0 0 0 0 0 0 0 0
fl=/build/glibc-2.31/elf/./dl-load.h
fn=_dl_map_object_from_fd
90 480 0 0 0 0 0 0 0 0
91 2400 0 0 480 0 0 240 0 0
93 1440 0 0 480 35 35 0 0 0
94 1190 1 1 714 0 0 0 0 0
95 1190 0 0 476 0 0 0 0 0
96 476 0 0 238 0 0 0 0 0
98 1190 1 1 0 0 0 238 0 0
fl=/build/glibc-2.31/elf/./dl-map-segments.h
fn=_dl_map_object_from_fd
50 240 0 0 240 212 0 0 0 0
51 480 0 0 240 0 0 0 0 0
56 2400 0 0 480 0 0 720 139 11
60 480 75 18 0 0 0 0 0 0
63 480 0 0 0 0 0 240 0 0
64 480 0 0 0 0 0 240 0 0
66 720 0 0 240 0 0 0 0 0
73 2400 1 1 480 0 0 0 0 0
80 720 0 0 240 0 0 240 0 0
82 240 0 0 0 0 0 0 0 0
90 1920 0 0 0 0 0 0 0 0
92 960 0 0 720 0 0 0 0 0
94 2640 0 0 480 0 0 480 0 0
104 1440 15 3 960 0 0 0 0 0
110 480 0 0 240 0 0 0 0 0
111 480 0 0 0 0 0 240 0 0
112 1680 0 0 480 0 0 240 0 0
113 240 0 0 0 0 0 0 0 0
115 720 0 0 0 0 0 0 0 0
120 480 0 0 0 0 0 0 0 0
123 720 0 0 0 0 0 240 0 0
131 960 0 0 0 0 0 0 0 0
137 720 0 0 240 0 0 0 0 0
141 456 1 1 0 0 0 114 0 0
144 114 0 0 0 0 0 0 0 0
149 480 1 1 0 0 0 0 0 0
fl=/build/glibc-2.31/elf/./setup-vdso.h
fn=dl_main
24 5 1 1 2 0 0 0 0 0
fl=/build/glibc-2.31/elf/dl-cache.c
fn=???
195 239 1 1 239 233 1 0 0 0
fn=_dl_cache_libcmp
142 36958 0 0 17141 0 0 0 0 0
144 118300 0 0 16900 2499 928 0 0 0
146 886 0 0 0 0 0 0 0 0
152 419 0 0 0 0 0 0 0 0
153 838 0 0 0 0 0 0 0 0
154 1960 1 1 490 0 0 0 0 0
155 142 0 0 0 0 0 0 0 0
156 1980 0 0 495 9 8 0 0 0
157 5504 0 0 0 0 0 0 0 0
158 838 0 0 0 0 0 0 0 0
159 28 0 0 0 0 0 0 0 0
162 48 0 0 0 0 0 0 0 0
164 32914 0 0 0 0 0 0 0 0
165 21 0 0 0 0 0 0 0 0
166 32872 0 0 0 0 0 0 0 0
167 2376 0 0 0 0 0 0 0 0
170 14060 0 0 0 0 0 0 0 0
171 14060 0 0 0 0 0 0 0 0
174 482 0 0 241 0 0 0 0 0
175 5352 0 0 10704 0 0 0 0 0
fn=_dl_load_cache_lookup
187 956 0 0 0 0 0 2151 0 0
195 956 0 0 239 0 0 0 0 0
198 1195 1 1 478 228 9 0 0 0
201 6 1 1 1 0 0 0 0 0
209 5 0 0 1 0 0 0 0 0
210 5 0 0 1 0 0 0 0 0
213 1 0 0 0 0 0 1 0 0
214 2 1 1 0 0 0 1 0 0
246 476 0 0 0 0 0 0 0 0
252 1434 0 0 717 0 0 0 0 0
261 239 0 0 0 0 0 0 0 0
267 1912 0 0 478 0 0 478 0 0
275 2629 1 1 717 0 0 956 0 0
276 1912 0 0 956 0 0 0 0 0
290 58973 4 4 9743 2271 525 2151 0 0
306 1195 0 0 478 0 0 0 0 0
307 239 0 0 239 0 0 0 0 0
310 478 0 0 0 0 0 0 0 0
318 1673 1 1 239 0 0 0 0 0
319 956 0 0 0 0 0 0 0 0
320 239 0 0 0 0 0 0 0 0
321 717 0 0 2151 0 0 0 0 0
fn=_dl_sort_maps
141 2676 1 1 0 0 0 10704 54 2
fl=/build/glibc-2.31/elf/dl-debug.c
fn=???
46 241 1 1 0 0 0 241 4 1
fn=_dl_debug_initialize
46 723 1 1 241 219 1 0 0 0
49 241 0 0 0 0 0 0 0 0
50 482 0 0 482 0 0 0 0 0
52 0 0 0 0 0 0 0 0 0
54 963 1 0 241 0 0 0 0 0
57 2 0 0 0 0 0 1 0 0
58 3 0 0 0 0 0 1 0 0
59 6 0 0 2 0 0 2 0 0
60 2 0 0 1 0 0 0 0 0
64 482 0 0 241 0 0 0 0 0
fn=_dl_fini
74 1 0 0 0 0 0 0 0 0
fl=/build/glibc-2.31/elf/dl-deps.c
fn=_dl_build_local_scope
61 1325 1 1 0 0 0 3975 1 1
fn=_dl_map_object_deps
144 3 0 0 0 0 0 2 0 0
145 1 0 0 0 0 0 2 0 0
146 2 0 0 0 0 0 2 2 2
152 10 1 1 3 0 0 3 1 1
159 4 0 0 0 0 0 2 0 0
160 6 0 0 0 0 0 0 0 0
176 14 1 1 1 0 0 2 0 0
177 1 0 0 1 0 0 0 0 0
180 3 0 0 1 0 0 1 0 0
198 4 1 1 2 0 0 1 0 0
199 2 0 0 0 0 0 1 0 0
200 2 0 0 0 0 0 3 0 0
202 723 0 0 482 0 0 0 0 0
206 242 0 0 0 0 0 0 0 0
209 726 0 0 242 0 0 242 0 0
213 1210 0 0 484 463 146 242 0 0
214 2901 1 1 483 28 10 0 0 0
217 720 0 0 0 0 0 0 0 0
221 960 0 0 480 0 0 240 0 0
224 742 0 0 250 180 6 0 0 0
226 952 1 1 476 263 53 238 0 0
231 476 0 0 0 0 0 238 0 0
232 238 0 0 0 0 0 238 0 0
233 476 0 0 238 0 0 238 0 0
234 476 64 1 238 139 0 238 0 0
237 23407 0 0 7961 1535 524 238 0 0
238 14494 1 1 0 0 0 0 0 0
244 13253 240 54 2651 45 4 0 0 0
246 1325 0 0 0 0 0 1325 0 0
248 7950 1 1 1325 459 0 0 0 0
249 3975 6 1 1325 0 0 0 0 0
258 1325 0 0 1325 0 0 0 0 0
260 3975 0 0 1325 64 0 0 0 0
265 480 0 0 0 0 0 0 0 0
269 240 0 0 0 0 0 480 0 0
270 240 233 72 0 0 0 240 0 0
271 480 0 0 240 0 0 240 57 2
273 720 0 0 240 0 0 240 0 0
275 1200 0 0 240 0 0 480 0 0
279 2650 0 0 1325 0 0 0 0 0
280 2630 0 0 0 0 0 1315 94 3
282 24402 63 1 5922 156 0 238 0 0
287 488 1 1 243 0 0 1 0 0
293 714 0 0 238 0 0 238 0 0
380 482 12 4 0 0 0 241 0 0
433 484 17 3 242 0 0 0 0 0
435 720 63 2 0 0 0 240 6 0
438 720 0 0 0 0 0 0 0 0
439 720 0 0 0 0 0 0 0 0
445 240 0 0 0 0 0 240 168 38
446 960 0 0 240 0 0 240 0 0
447 1200 0 0 240 0 0 0 0 0
449 240 0 0 0 0 0 0 0 0
450 240 62 0 0 0 0 240 160 2
451 720 0 0 240 4 0 240 0 0
455 968 1 0 484 151 6 0 0 0
457 242 0 0 242 37 1 0 0 0
458 1208 1 1 242 57 25 0 0 0
464 12 0 0 3 2 1 0 0 0
465 3 0 0 1 0 0 1 0 0
467 0 0 0 0 0 0 0 0 0
468 4 0 0 2 1 0 1 0 0
479 4 1 1 1 0 0 0 0 0
481 3 0 0 0 0 0 1 0 0
486 7 0 0 3 0 0 1 0 0
487 2 0 0 1 0 0 1 1 0
489 727 0 0 242 0 0 0 0 0
491 726 1 1 242 61 28 0 0 0
495 726 0 0 242 0 0 242 16 16
499 726 0 0 242 225 1 242 0 0
502 6 0 0 2 1 0 0 0 0
553 4 0 0 2 0 0 0 0 0
555 11 1 1 3 1 0 1 0 0
590 5 1 1 2 0 0 0 0 0
594 5 1 1 0 0 0 0 0 0
597 1 0 0 0 0 0 1 0 0
598 1 0 0 0 0 0 0 0 0
599 2 0 0 0 0 0 1 1 0
600 4 0 0 2 2 0 1 0 0
601 1 0 0 0 0 0 0 0 0
608 2 1 1 1 0 0 0 0 0
609 0 0 0 0 0 0 0 0 0
611 3 0 0 1 0 0 0 0 0
614 4 0 0 10 2 1 0 0 0
fn=openaux
61 2650 0 0 0 0 0 0 0 0
64 15900 0 0 6625 305 4 3975 395 0
65 1325 0 0 1325 479 2 0 0 0
69 2650 0 0 3975 112 3 0 0 0
159 1 1 1 0 0 0 9 0 0
fl=/build/glibc-2.31/elf/dl-environ.c
fn=_dl_discover_osversion
29 3 1 1 3 0 0 0 0 0
fn=_dl_next_ld_env_entry
28 3 0 0 0 0 0 0 0 0
32 73 0 0 36 0 0 0 0 0
34 105 0 0 35 0 0 0 0 0
35 30 1 1 10 0 0 0 0 0
37 2 0 0 0 0 0 0 0 0
40 4 0 0 0 0 0 2 0 0
42 2 0 0 0 0 0 0 0 0
49 1 0 0 0 0 0 0 0 0
fl=/build/glibc-2.31/elf/dl-error-skeleton.c
fn=_dl_catch_error
225 4 0 0 0 0 0 0 0 0
227 4 0 0 1 0 0 0 0 0
228 1 0 0 0 0 0 1 0 0
229 2 1 1 2 0 0 1 0 0
230 5 0 0 1 0 0 1 0 0
232 2 0 0 4 0 0 0 0 0
238 1 1 1 0 0 0 6 0 0
fn=_dl_catch_exception
175 5304 1 1 1326 1 0 2652 2 2
178 5304 0 0 1326 0 0 2652 0 0
199 2652 0 0 1326 0 0 1326 126 10
200 2652 0 0 0 0 0 1326 0 0
203 2652 0 0 0 0 0 1326 0 0
206 6630 0 0 0 0 0 0 0 0
208 2652 0 0 2652 0 0 0 0 0
209 5304 0 0 2652 670 65 1326 537 1
210 3978 0 0 1326 105 3 3978 756 0
219 3978 0 0 3978 612 18 0 0 0
225 1 1 1 0 0 0 4 0 0
fn=_dl_receive_error
238 1 0 0 0 0 0 0 0 0
239 3 0 0 3 2 0 0 0 0
243 2 0 0 0 0 0 2 0 0
246 2 0 0 0 0 0 0 0 0
249 1 0 0 0 0 0 2 0 0
250 1 0 0 6 1 0 0 0 0
fn=_dl_signal_cerror
175 1326 241 1 0 0 0 3978 0 0
fl=/build/glibc-2.31/elf/dl-hwcaps.c
fn=_dl_important_hwcaps
42 10 0 0 0 0 0 6 1 1
43 10 0 0 2 0 0 2 0 0
45 10 1 1 3 1 1 4 0 0
46 3 0 0 0 0 0 0 0 0
55 204 1 1 3 0 0 1 0 0
56 171 1 1 39 0 0 43 0 0
57 13 0 0 2 0 0 0 0 0
65 6 0 0 2 0 0 1 0 0
148 6 1 1 0 0 0 0 0 0
149 1 0 0 1 0 0 0 0 0
185 49 2 2 4 0 0 3 0 0
186 208 1 1 26 0 0 39 0 0
188 2 0 0 0 0 0 2 1 1
189 8 1 1 2 0 0 2 0 0
190 43 0 0 10 0 0 10 0 0
191 5 0 0 1 0 0 1 0 0
193 2 0 0 1 0 0 0 0 0
195 1 0 0 0 0 0 1 0 0
196 2 0 0 1 0 0 1 0 0
197 2 0 0 0 0 0 0 0 0
200 3 1 1 1 0 0 2 0 0
201 1 0 0 0 0 0 0 0 0
204 2 0 0 0 0 0 0 0 0
207 4 0 0 1 0 0 0 0 0
211 9 0 0 1 0 0 0 0 0
212 2 0 0 0 0 0 0 0 0
214 1 1 1 0 0 0 0 0 0
215 6 0 0 0 0 0 0 0 0
216 8 0 0 2 0 0 0 0 0
217 2 0 0 0 0 0 0 0 0
218 2 0 0 0 0 0 0 0 0
219 3 0 0 0 0 0 0 0 0
220 1 0 0 0 0 0 0 0 0
224 3 0 0 0 0 0 0 0 0
230 5 0 0 1 0 0 2 0 0
231 4 1 1 0 0 0 0 0 0
232 3 0 0 0 0 0 1 0 0
263 5 0 0 1 0 0 2 1 1
266 4 0 0 0 0 0 1 0 0
273 1 0 0 1 0 0 0 0 0
276 4 0 0 0 0 0 0 0 0
279 24 1 1 1 0 0 6 0 0
282 25 0 0 4 0 0 0 0 0
283 24 0 0 0 0 0 0 0 0
284 20 1 1 8 0 0 4 0 0
287 16 0 0 0 0 0 4 0 0
289 8 0 0 0 0 0 0 0 0
294 52 0 0 3 0 0 0 0 0
295 19 0 0 1 0 0 16 0 0
299 9 0 0 0 0 0 0 0 0
302 76 1 1 0 0 0 0 0 0
303 224 0 0 0 0 0 0 0 0
304 195 1 1 66 0 0 32 0 0
306 10 0 0 0 0 0 0 0 0
309 3 0 0 1 0 0 0 0 0
310 2 0 0 1 0 0 0 0 0
311 27 1 1 1 0 0 6 0 0
313 12 0 0 0 0 0 0 0 0
314 24 0 0 6 0 0 0 0 0
316 12 0 0 3 0 0 0 0 0
324 30 0 0 9 0 0 8 0 0
327 24 0 0 0 0 0 0 0 0
330 4 0 0 3 0 0 1 0 0
333 5 0 0 12 0 0 0 0 0
fn=_dl_map_object_deps
42 1 1 1 0 0 0 9 1 1
fl=/build/glibc-2.31/elf/dl-load.c
fn=_dl_dst_count
234 2654 0 0 0 0 0 0 0 0
237 1327 0 0 0 0 0 0 0 0
238 1327 0 0 0 0 0 0 0 0
257 2654 1 1 7962 0 0 0 0 0
fn=_dl_dst_substitute
378 2 1 1 0 0 0 12 0 0
fn=_dl_init_paths
681 4 0 0 0 0 0 10 0 0
694 10 0 0 3 0 0 1 0 0
698 1 0 0 0 0 0 1 0 0
699 2 0 0 0 0 0 0 0 0
700 2 0 0 0 0 0 0 0 0
707 5 0 0 0 0 0 0 0 0
708 3 1 1 1 0 0 0 0 0
711 4 0 0 0 0 0 1 0 0
713 2 0 0 0 0 0 0 0 0
719 2 0 0 0 0 0 1 0 0
720 4 1 1 1 0 0 1 0 0
728 4 0 0 0 0 0 3 0 0
730 10 0 0 5 0 0 2 1 1
731 4 0 0 0 0 0 7 0 0
733 6 0 0 1 0 0 4 0 0
734 8 0 0 3 1 1 4 2 2
735 16 0 0 0 0 0 0 0 0
738 9 0 0 3 1 1 0 0 0
739 204 0 0 0 0 0 0 0 0
740 65 0 0 0 0 0 64 4 4
742 18 1 1 0 0 0 4 0 0
748 4 1 1 1 0 0 1 0 0
749 1 0 0 0 0 0 1 0 0
753 3 0 0 2 0 0 0 0 0
754 1 0 0 0 0 0 0 0 0
756 4 0 0 1 0 0 0 0 0
758 2 0 0 1 0 0 0 0 0
762 0 0 0 0 0 0 0 0 0
764 0 0 0 0 0 0 0 0 0
775 2 0 0 0 0 0 1 0 0
777 3 1 1 1 0 0 0 0 0
791 2 1 1 0 0 0 1 0 0
796 4 0 0 2 0 0 0 0 0
798 11 1 1 1 0 0 0 0 0
802 1 0 0 0 0 0 0 0 0
803 47 0 0 15 0 0 0 0 0
804 56 1 1 0 0 0 0 0 0
805 42 0 0 0 0 0 0 0 0
807 3 0 0 1 1 1 1 0 0
808 2 0 0 0 0 0 0 0 0
809 2 0 0 0 0 0 0 0 0
815 9 0 0 2 0 0 2 0 0
818 3 0 0 2 0 0 0 0 0
824 4 0 0 1 0 0 1 0 0
827 0 0 0 0 0 0 0 0 0
828 3 0 0 9 0 0 0 0 0
1927 1326 2 0 0 0 0 11934 0 0
fn=_dl_map_object
659 3828 74 1 1276 966 22 0 0 0
662 558 0 0 0 0 0 0 0 0
1927 5304 1 1 1326 0 0 3978 265 13
1935 2652 0 0 0 0 0 0 0 0
1936 6630 0 0 2652 958 2 0 0 0
1939 203484 0 0 66060 250 0 0 0 0
1944 329100 3 1 65820 56772 423 0 0 0
1946 263280 0 0 0 0 0 0 0 0
1950 194202 0 0 64734 0 0 0 0 0
1951 194202 0 0 64734 56971 2260 0 0 0
1954 62315 0 0 62315 0 0 0 0 0
1955 186945 0 0 124630 115380 38787 0 0 0
1956 249260 0 0 0 0 0 0 0 0
1958 318205 3 1 2652 0 0 0 0 0
1972 1920 240 1 720 640 8 240 106 4
1982 720 0 0 240 190 0 0 0 0
2016 720 0 0 0 0 0 240 54 2
2018 1200 0 0 0 0 0 0 0 0
2022 717 0 0 0 0 0 0 0 0
2024 1195 233 1 478 0 0 0 0 0
2031 1195 0 0 239 209 24 0 0 0
2035 2868 5 3 717 212 0 717 0 0
2040 2394 0 0 798 696 13 0 0 0
2041 984 0 0 0 0 0 0 0 0
2055 1195 2 2 478 0 0 0 0 0
2056 1673 0 0 717 0 0 0 0 0
2057 239 0 0 0 0 0 0 0 0
2066 1195 1 1 478 457 65 0 0 0
2067 4063 239 1 478 0 0 1195 0 0
2073 2045 1 1 62 0 0 0 0 0
2074 425 0 0 0 0 0 0 0 0
2082 478 1 1 0 0 0 239 0 0
2096 717 0 0 239 0 0 0 0 0
2098 1195 0 0 478 225 0 0 0 0
2102 478 0 0 0 0 0 0 0 0
2104 717 0 0 0 0 0 0 0 0
2108 478 0 0 0 0 0 0 0 0
2116 956 0 0 239 84 4 0 0 0
2139 1912 1 1 0 0 0 478 0 0
2143 478 0 0 0 0 0 0 0 0
2144 478 0 0 0 0 0 239 0 0
2161 1195 239 1 478 20 0 0 0 0
2167 2 1 1 0 0 0 1 0 0
2168 3 0 0 0 0 0 0 0 0
2169 2 0 0 0 0 0 0 0 0
2170 3 0 0 0 0 0 0 0 0
2174 8 0 0 0 0 0 2 0 0
2177 2 0 0 0 0 0 0 0 0
2189 960 0 0 240 0 0 0 0 0
2191 956 0 0 0 0 0 0 0 0
2235 960 239 0 480 234 109 240 0 0
2236 3360 1 1 720 0 0 1440 0 0
2238 5304 0 0 13260 752 11 0 0 0
fn=_dl_map_object_from_fd
866 2160 0 0 0 0 0 960 1 1
876 960 240 1 240 0 0 240 0 0
877 720 0 0 0 0 0 240 0 0
883 960 0 0 240 0 0 240 0 0
901 60000 0 0 29880 28284 317 0 0 0
902 87480 0 0 29160 27560 135 0 0 0
920 720 2 1 240 173 9 0 0 0
944 960 7 1 240 0 0 240 166 0
954 1200 0 0 480 388 0 0 0 0
961 960 0 0 480 291 0 0 0 0
994 480 0 0 0 0 0 0 0 0
997 2160 1 1 1200 42 2 480 166 0
998 720 0 0 0 0 0 0 0 0
1009 480 0 0 240 43 0 240 50 50
1010 720 0 0 240 0 0 240 0 0
1011 720 0 0 480 173 0 240 0 0
1013 240 0 0 0 0 0 0 0 0
1014 1200 0 0 480 44 0 0 0 0
1015 720 0 0 0 0 0 240 0 0
1030 960 0 0 0 0 0 480 0 0
1032 480 240 1 0 0 0 0 0 0
1034 1200 0 0 240 0 0 0 0 0
1035 240 0 0 0 0 0 0 0 0
1036 480 0 0 0 0 0 240 0 0
1042 7524 0 0 1821 0 0 0 0 0
1043 13521 241 2 2568 350 0 0 0 0
1049 720 1 1 240 49 0 0 0 0
1054 480 0 0 240 0 0 240 0 0
1055 720 1 1 240 45 0 240 0 0
1060 4 0 0 2 0 0 2 0 0
1066 3360 0 0 1440 336 0 480 44 0
1071 2880 0 0 960 0 0 0 0 0
1079 1440 0 0 480 0 0 0 0 0
1080 1440 480 22 240 0 0 480 136 3
1081 3840 0 0 960 0 0 480 0 0
1082 480 0 0 0 0 0 480 0 0
1083 1920 0 0 480 0 0 480 0 0
1084 1920 0 0 480 0 0 960 6 0
1088 1440 0 0 480 0 0 0 0 0
1089 1200 0 0 240 0 0 240 0 0
1093 1440 1 1 480 0 0 480 0 0
1094 3600 0 0 960 0 0 240 0 0
1107 69 1 1 23 9 0 0 0 0
1111 23 0 0 0 0 0 23 12 12
1112 46 0 0 23 0 0 23 0 0
1113 46 0 0 23 0 0 0 0 0
1116 69 0 0 0 0 0 23 0 0
1117 46 0 0 23 0 0 23 0 0
1120 23 0 0 0 0 0 23 0 0
1125 92 0 0 23 0 0 0 0 0
1126 960 0 0 480 202 0 240 0 0
1132 720 0 0 240 0 0 240 0 0
1140 480 0 0 240 87 0 240 0 0
1144 480 0 0 240 43 0 240 56 56
1145 480 0 0 240 34 0 240 0 0
1157 480 0 0 0 0 0 0 0 0
1170 720 0 0 240 0 0 0 0 0
1180 1440 4 3 480 0 0 0 0 0
1188 240 0 0 0 0 0 0 0 0
1192 960 0 0 240 0 0 0 0 0
1201 720 0 0 240 0 0 240 0 0
1208 960 0 0 240 0 0 0 0 0
1210 1200 0 0 240 0 0 0 0 0
1229 720 12 4 240 0 0 0 0 0
1248 720 0 0 240 0 0 240 0 0
1250 1680 0 0 720 316 0 0 0 0
1257 4 1 1 1 0 0 0 0 0
1278 5 1 1 2 1 1 1 0 0
1288 5 0 0 3 0 0 0 0 0
1289 3 0 0 0 0 0 1 0 0
1298 480 0 0 240 11 11 0 0 0
1299 69 0 0 23 0 0 23 0 0
1302 960 0 0 0 0 0 0 0 0
1311 720 1 1 240 0 0 0 0 0
1313 960 0 0 480 0 0 240 0 0
1315 1200 0 0 480 1 0 0 0 0
1331 480 0 0 0 0 0 0 0 0
1335 720 0 0 240 0 0 0 0 0
1336 720 0 0 240 0 0 0 0 0
1337 70 1 1 28 0 0 0 0 0
1341 28 1 1 14 0 0 14 0 0
1342 28 0 0 0 0 0 14 0 0
1345 42 0 0 0 0 0 0 0 0
1346 28 0 0 14 0 0 0 0 0
1349 56 0 0 14 0 0 14 0 0
1353 720 0 0 240 0 0 0 0 0
1354 6 1 1 2 0 0 2 1 0
1357 960 0 0 960 44 0 960 0 0
1362 720 0 0 240 0 0 0 0 0
1372 1200 0 0 480 0 0 0 0 0
1381 480 0 0 240 0 0 0 0 0
1382 92 0 0 23 0 0 0 0 0
1387 46 0 0 0 0 0 23 0 0
1394 720 1 1 240 0 0 0 0 0
1398 1200 0 0 480 183 0 0 0 0
1417 1200 0 0 2640 190 6 0 0 0
fn=add_name_to_object.isra.0
866 240 240 1 0 0 0 2160 0 0
fn=add_path.isra.0.constprop.0
1466 494 1 1 0 0 0 4446 107 5
fn=cache_rpath.part.0
654 372 0 0 0 0 0 496 0 0
665 248 0 0 124 36 0 0 0 0
668 248 0 0 0 0 0 124 0 0
669 124 0 0 0 0 0 0 0 0
673 0 0 0 0 0 0 0 0 0
674 0 0 0 0 0 0 0 0 0
676 248 0 0 496 0 0 0 0 0
694 1 1 1 1 1 1 0 0 0
fn=decompose_rpath.isra.0
665 124 1 1 0 0 0 0 0 0
fn=expand_dynamic_string_token
378 4 0 0 0 0 0 0 0 0
388 4 0 0 0 0 0 0 0 0
391 2 0 0 0 0 0 0 0 0
392 4 1 1 0 0 0 0 0 0
403 2 0 0 12 0 0 0 0 0
447 1 1 1 0 0 0 9 0 0
fn=fillin_rpath
447 5 0 0 0 0 0 3 0 0
449 1 0 0 0 0 0 0 0 0
451 12 0 0 0 0 0 0 0 0
458 3 0 0 1 0 0 0 0 0
460 3 0 0 1 0 0 0 0 0
464 3 0 0 0 0 0 0 0 0
469 1 0 0 0 0 0 0 0 0
470 3 0 0 0 0 0 0 0 0
477 6 1 1 1 0 0 0 0 0
482 5 1 1 0 0 0 1 0 0
486 19 0 0 7 1 1 1 0 0
487 12 0 0 4 0 0 0 0 0
505 3 1 1 1 0 0 1 0 0
509 15 0 0 4 0 0 4 0 0
511 4 0 0 2 0 0 0 0 0
515 2 0 0 0 0 0 2 0 0
516 1 0 0 0 0 0 0 0 0
517 5 1 1 0 0 0 1 0 0
518 2 0 0 0 0 0 1 1 1
520 7 1 1 4 0 0 1 0 0
521 3 0 0 0 0 0 0 0 0
526 5 0 0 1 0 0 0 0 0
527 50 0 0 0 0 0 0 0 0
528 16 0 0 0 0 0 16 0 0
530 2 0 0 1 0 0 1 0 0
531 2 0 0 1 0 0 0 0 0
532 0 0 0 0 0 0 0 0 0
533 0 0 0 0 0 0 0 0 0
536 3 1 0 1 0 0 1 0 0
538 1 0 0 0 0 0 1 0 0
539 4 0 0 1 0 0 1 0 0
542 3 1 1 1 0 0 1 0 0
544 2 0 0 0 0 0 0 0 0
548 2 0 0 1 0 0 1 0 0
551 3 0 0 9 0 0 0 0 0
fn=open_path
231 1327 1 1 0 0 0 7962 59 2
1437 717 0 0 239 0 0 239 0 0
1443 956 0 0 478 233 103 239 0 0
1779 1195 0 0 0 0 0 1195 378 16
1780 239 0 0 239 0 0 0 0 0
1783 239 0 0 0 0 0 239 0 0
1784 1195 1 1 0 0 0 239 0 0
1786 478 0 0 0 0 0 0 0 0
1789 239 0 0 0 0 0 0 0 0
1791 3824 0 0 1195 453 158 239 54 2
1798 239 0 0 0 0 0 0 0 0
1803 1195 1 1 478 0 0 0 0 0
1810 1434 0 0 717 235 140 0 0 0
1811 28980 1 1 8126 0 0 16 0 0
1814 11472 0 0 3824 0 0 0 0 0
1818 2764 0 0 1001 217 8 0 0 0
1821 508 0 0 0 0 0 254 0 0
1824 1240 1 1 493 0 0 0 0 0
1827 2286 0 0 1016 0 0 508 0 0
1829 762 0 0 254 0 0 0 0 0
1831 32 0 0 0 0 0 0 0 0
1836 32 1 1 16 0 0 0 0 0
1837 176 1 1 64 0 0 0 0 0
1843 112 0 0 16 0 0 16 0 0
1845 80 0 0 0 0 0 0 0 0
1846 2 0 0 1 0 0 0 0 0
1848 67 1 1 16 0 0 0 0 0
1855 714 0 0 0 0 0 0 0 0
1857 476 0 0 0 0 0 0 0 0
1858 717 0 0 239 0 0 239 0 0
1896 1912 1 1 478 0 0 0 0 0
1901 717 0 0 239 0 0 239 0 0
1903 1434 0 0 478 0 0 478 0 0
1906 478 0 0 0 0 0 0 0 0
1920 1195 0 0 2629 0 0 0 0 0
fn=open_verify.isra.0.constprop.0
1466 3952 0 0 494 0 0 988 54 2
1505 3458 1 1 988 231 1 0 0 0
1518 254 0 0 0 0 0 0 0 0
1536 1976 0 0 0 0 0 0 0 0
1538 988 0 0 0 0 0 0 0 0
1543 480 0 0 0 0 0 0 0 0
1549 960 1 1 240 0 0 240 0 0
1550 960 0 0 0 0 0 480 56 2
1555 1200 0 0 240 0 0 0 0 0
1557 720 0 0 240 0 0 0 0 0
1559 480 0 0 0 0 0 240 0 0
1561 720 0 0 0 0 0 0 0 0
1567 480 0 0 0 0 0 0 0 0
1583 6606 20 2 1236 125 6 0 0 0
1613 468 234 1 234 0 0 0 0 0
1657 720 8 3 240 0 0 0 0 0
1662 720 0 0 240 0 0 0 0 0
1664 1200 0 0 240 0 0 0 0 0
1670 720 0 0 240 58 2 0 0 0
1676 480 0 0 240 0 0 0 0 0
1677 960 0 0 240 0 0 0 0 0
1678 480 0 0 240 0 0 0 0 0
1698 7208 0 0 0 0 0 0 0 0
1699 5424 0 0 1808 448 26 0 0 0
1700 960 0 0 240 56 3 0 0 0
1704 1200 0 0 480 0 0 0 0 0
1705 720 64 1 240 0 0 0 0 0
1729 2436 304 2 240 220 1 0 0 0
1731 240 0 0 0 0 0 0 0 0
1732 2400 0 0 720 0 0 0 0 0
1735 720 0 0 0 0 0 0 0 0
1740 6 0 0 0 0 0 0 0 0
1741 6 0 0 0 0 0 0 0 0
1744 12 0 0 0 0 0 0 0 0
1747 12 0 0 6 0 0 0 0 0
1748 12 0 0 6 0 0 0 0 0
1749 6 0 0 6 0 0 0 0 0
1750 12 0 0 6 0 0 0 0 0
1751 42 6 2 12 0 0 0 0 0
1754 0 0 0 0 0 0 0 0 0
1756 0 0 0 0 0 0 0 0 0
1761 480 1 1 0 0 0 0 0 0
1765 2470 0 0 4940 0 0 0 0 0
1779 239 1 1 0 0 0 2151 0 0
fl=/build/glibc-2.31/elf/dl-lookup.c
fn=_dl_lookup_symbol_x
581 25145 0 0 0 0 0 0 0 0
582 1910369 0 0 628408 30922 17592 0 0 0
583 1206526 0 0 0 0 0 0 0 0
800 2 1 1 1 0 0 0 0 0
841 176015 1 1 50290 0 0 25145 50 4
843 50290 0 0 0 0 0 25145 0 0
844 75435 0 0 0 0 0 50290 0 0
847 125725 1 1 50290 12050 9 25145 0 0
851 95362 0 0 15024 0 0 0 0 0
853 276595 1 1 75435 0 0 75435 0 0
854 125725 0 0 75435 6444 57 0 0 0
860 59518 0 0 4614 681 7 1538 0 0
861 543567 1 1 128541 11500 0 261701 11723 0
866 75432 0 0 25144 359 0 0 0 0
868 1795 2 2 359 359 13 0 0 0
885 718 1 1 0 0 0 359 0 0
886 359 0 0 0 0 0 0 0 0
890 173495 0 0 49569 5704 178 0 0 0
895 3 0 0 1 0 0 0 0 0
905 2 0 0 0 0 0 2 0 0
907 21 1 1 7 1 0 4 0 0
908 23 1 1 3 0 0 10 0 0
913 4 0 0 0 0 0 0 0 0
918 10 0 0 3 0 0 0 0 0
930 99140 0 0 24785 0 0 0 0 0
944 74355 0 0 24785 16378 585 0 0 0
945 3 1 1 0 0 0 1 0 0
947 148710 1 1 49570 14786 0 0 0 0
952 49570 0 0 24785 0 0 24785 1 0
954 77586 0 0 226655 1 0 359 359 1
961 242 3 1 0 0 0 968 0 0
fn=_dl_rtld_di_serinfo
75 24942 1 1 0 0 0 149652 0 0
fn=_dl_setup_hash
964 484 0 0 242 0 0 0 0 0
966 242 0 0 242 0 0 0 0 0
968 484 0 0 242 242 242 242 0 0
969 242 0 0 484 101 101 0 0 0
972 726 0 0 0 0 0 0 0 0
973 242 0 0 0 0 0 242 0 0
974 726 8 3 242 1 1 242 0 0
976 242 0 0 0 0 0 242 0 0
977 242 0 0 0 0 0 0 0 0
981 726 0 0 0 0 0 484 0 0
999 242 0 0 968 0 0 0 0 0
fn=check_match
75 174594 0 0 99768 22514 11253 0 0 0
78 224478 0 0 49884 3428 1773 0 0 0
83 156 0 0 0 0 0 0 0 0
91 149652 1 1 0 0 0 0 0 0
94 160309 0 0 31550 311 260 0 0 0
98 24942 0 0 24942 2586 70 0 0 0
99 24942 0 0 0 0 0 0 0 0
101 30360 0 0 0 0 0 0 0 0
120 30360 0 0 30360 12661 5240 0 0 0
121 121440 1 1 45540 13974 1437 0 0 0
122 75120 1 1 30048 0 0 0 0 0
123 468 0 0 156 10 4 0 0 0
149 19524 0 0 0 0 0 0 0 0
151 48805 0 0 19522 9364 1466 0 0 0
152 39044 0 0 0 0 0 0 0 0
155 6 0 0 0 0 0 0 0 0
156 18 0 0 9 0 0 3 0 0
158 9 0 0 3 0 0 3 0 0
160 24786 0 0 0 0 0 0 0 0
167 24942 0 0 149652 0 0 0 0 0
368 26325 1 1 0 0 0 236925 51 33
fn=do_lookup_x
175 664 0 0 0 0 0 0 0 0
176 830 0 0 166 0 0 0 0 0
177 1852 1 1 440 89 89 0 0 0
179 167 0 0 0 0 0 0 0 0
180 501 0 0 0 0 0 0 0 0
181 443 1 1 9 0 0 0 0 0
184 107 0 0 0 0 0 107 0 0
185 166 0 0 0 0 0 332 0 0
186 107 0 0 0 0 0 214 0 0
187 273 0 0 0 0 0 439 0 0
188 166 0 0 0 0 0 0 0 0
227 298 0 0 149 0 0 149 0 0
229 1639 1 1 447 57 7 0 0 0
231 447 0 0 149 0 0 149 0 0
232 149 0 0 149 0 0 0 0 0
233 447 0 0 149 0 0 0 0 0
235 1184 0 0 0 0 0 296 0 0
236 2203 1 1 389 0 0 148 0 0
239 984 0 0 656 159 87 0 0 0
240 168 0 0 0 0 0 0 0 0
242 168 0 0 84 0 0 0 0 0
252 84 0 0 42 0 0 42 1 0
253 126 1 1 84 0 0 42 0 0
255 210 0 0 84 0 0 0 0 0
256 42 0 0 0 0 0 0 0 0
259 286 0 0 0 0 0 0 0 0
262 180 0 0 0 0 0 0 0 0
263 540 0 0 0 0 0 0 0 0
264 186 1 1 0 0 0 0 0 0
267 1484 0 0 530 0 0 0 0 0
274 15 0 0 0 0 0 3 0 0
276 9 0 0 0 0 0 0 0 0
277 9 0 0 0 0 0 0 0 0
284 690 1 1 6 0 0 9 0 0
285 657 0 0 219 38 18 0 0 0
286 664 0 0 498 0 0 166 0 0
290 27 0 0 12 1 0 3 0 0
291 3 0 0 0 0 0 3 0 0
293 6 0 0 0 0 0 3 0 0
294 148743 1 1 123927 4 2 6 0 0
310 2 1 1 0 0 0 0 0 0
318 2 0 0 0 0 0 0 0 0
319 4 0 0 0 0 0 1 0 0
320 4 0 0 0 0 0 1 0 0
323 2 0 0 0 0 0 0 0 0
324 2 0 0 0 0 0 2 0 0
325 494214 2 2 494199 2 1 1 0 0
328 642 1 1 428 0 0 0 0 0
336 428 0 0 107 0 0 0 0 0
347 856 1 1 321 29 6 107 0 0
352 642 0 0 214 0 0 107 0 0
354 428 0 0 214 0 0 107 0 0
355 214 0 0 0 0 0 107 26 1
368 289575 0 0 105300 12894 4 105300 53 52
369 26325 0 0 26325 12836 7 0 0 0
379 4382298 1 1 4382298 2151067 53987 0 0 0
382 4382298 0 0 0 0 0 0 0 0
386 6573447 0 0 0 0 0 2191149 0 0
390 6573447 0 0 2191149 2013270 50702 0 0 0
394 6626097 1 1 2217474 45 29 0 0 0
400 4382298 0 0 2191149 1097959 116356 0 0 0
404 2191149 0 0 0 0 0 0 0 0
405 2191149 1 1 0 0 0 4382298 0 0
408 6573447 0 0 4382298 3331114 678153 2191149 0 0
409 6573447 0 0 4382298 204749 8258 2191149 0 0
412 2191149 0 0 2191149 0 0 0 0 0
413 4382298 0 0 0 0 0 0 0 0
415 2191149 0 0 2191149 2129226 938473 0 0 0
416 78975 0 0 26325 0 0 26325 0 0
417 8764596 0 0 4382298 0 0 0 0 0
419 4382298 0 0 2191149 0 0 0 0 0
420 8764596 0 0 4382298 0 0 0 0 0
423 13146894 0 0 0 0 0 0 0 0
426 321714 0 0 321714 143551 98895 0 0 0
427 321716 1 1 160858 0 0 0 0 0
428 321714 1 1 0 0 0 0 0 0
430 1730708 0 0 618110 0 0 618110 2520 2
433 949056 0 0 237264 123878 81553 0 0 0
435 74826 0 0 24942 0 0 0 0 0
436 818734 1 1 74826 0 0 446780 0 0
440 50361 0 0 318 0 0 0 0 0
443 662226 1 1 0 0 0 0 0 0
474 296520 1 1 98842 0 0 0 0 0
476 6 0 0 0 0 0 0 0 0
482 74358 1 1 24786 0 0 0 0 0
484 2 0 0 1 0 0 0 0 0
485 4 0 0 0 0 0 0 0 0
497 289575 0 0 26325 0 0 52650 0 0
533 49572 0 0 0 0 0 0 0 0
536 174878 0 0 24786 0 0 0 0 0
540 102087 1 1 37881 2981 8 26325 0 0
552 49274 0 0 24637 0 0 24637 12453 0
553 24637 0 0 0 0 0 24637 0 0
554 24786 0 0 0 0 0 0 0 0
557 149 0 0 0 0 0 149 0 0
571 6499086 0 0 0 0 0 0 0 0
574 1538 0 0 0 0 0 0 0 0
575 78972 0 0 289564 0 0 0 0 0
841 25145 1 1 0 0 0 226305 39 4
fl=/build/glibc-2.31/elf/dl-minimal.c
fn=???
109 244 0 0 0 0 0 976 0 0
fn=__sigjmp_save
139 1326 0 0 0 0 0 0 0 0
140 1326 1 1 0 0 0 1326 559 44
142 2652 0 0 0 0 0 0 0 0
fn=_itoa
262 2 1 1 0 0 0 12 0 0
fn=calloc
92 485 0 0 0 0 0 1940 43 0
96 485 0 0 0 0 0 0 0 0
100 3880 0 0 0 0 0 0 0 0
103 970 1 1 0 0 0 0 0 0
104 485 0 0 1940 0 0 0 0 0
fn=free
111 1220 0 0 488 230 2 0 0 0
118 244 0 0 976 0 0 0 0 0
140 1326 0 0 0 0 0 0 0 0
fn=malloc
49 3639 0 0 0 0 0 4852 0 0
50 6064 0 0 2425 273 3 0 0 0
55 4 0 0 1 0 0 1 0 0
56 5 1 1 2 0 0 0 0 0
57 2 0 0 0 0 0 0 0 0
61 4852 1 1 1213 0 0 1213 0 0
62 1213 0 0 0 0 0 0 0 0
64 7185 0 0 0 0 0 0 0 0
69 186 0 0 62 20 0 0 0 0
70 248 0 0 0 0 0 0 0 0
72 31 0 0 0 0 0 0 0 0
73 217 0 0 0 0 0 62 0 0
75 62 0 0 0 0 0 0 0 0
77 124 0 0 62 0 0 0 0 0
79 248 0 0 44 0 0 31 0 0
82 2426 0 0 1213 0 0 0 0 0
83 1213 0 0 0 0 0 2426 0 0
85 3639 0 0 4852 0 0 0 0 0
99 485 1 1 0 0 0 0 0 0
fn=strsep
265 4 0 0 2 1 1 0 0 0
267 2 0 0 2 0 0 0 0 0
268 2 0 0 0 0 0 0 0 0
272 89 0 0 15 0 0 0 0 0
277 56 0 0 0 0 0 0 0 0
279 56 0 0 28 0 0 0 0 0
290 1 0 0 0 0 0 1 0 0
294 4 0 0 12 0 0 0 0 0
fn=unsetenv
50 1213 1 1 1213 515 2 0 0 0
fl=/build/glibc-2.31/elf/dl-misc.c
fn=???
282 98695 1 1 0 0 0 394780 3 3
fn=_dl_debug_vdprintf
44 1 1 1 0 0 0 4 1 1
fn=_dl_higher_prime_number
300 3 0 0 0 0 0 3 0 0
338 6 0 0 0 0 0 0 0 0
340 39 0 0 0 0 0 0 0 0
342 81 1 0 0 0 0 0 0 0
343 30 0 0 15 4 3 0 0 0
344 45 0 0 0 0 0 0 0 0
359 9 0 0 6 0 0 0 0 0
fn=_dl_name_match_p
282 197390 0 0 0 0 0 0 0 0
283 296085 0 0 98695 76367 1038 0 0 0
284 2005 0 0 0 0 0 0 0 0
286 98695 0 0 98695 32979 961 0 0 0
288 197275 0 0 0 0 0 0 0 0
289 502925 0 0 100585 78326 2457 0 0 0
292 98580 0 0 98580 807 0 0 0 0
294 96690 0 0 0 0 0 0 0 0
295 98695 0 0 394780 0 0 0 0 0
338 3 0 0 3 3 2 0 0 0
fn=_dl_sysdep_read_whole_file
44 3 0 0 0 0 0 0 0 0
45 2 0 0 0 0 0 0 0 0
47 2 1 1 0 0 0 0 0 0
48 2 0 0 0 0 0 0 0 0
50 6 0 0 0 0 0 0 0 0
52 2 0 0 1 0 0 1 0 0
55 1 0 0 0 0 0 0 0 0
57 8 1 1 0 0 0 2 0 0
68 2 0 0 0 0 0 0 0 0
71 3 0 0 4 0 0 0 0 0
fl=/build/glibc-2.31/elf/dl-object.c
fn=_dl_add_to_namespace_list
31 482 0 0 0 0 0 0 0 0
33 1205 0 0 482 223 0 0 0 0
35 964 0 0 241 0 0 0 0 0
38 116640 0 0 29160 22108 0 0 0 0
40 240 0 0 0 0 0 240 64 0
42 240 0 0 0 0 0 240 0 0
45 2 0 0 0 0 0 1 0 0
46 1687 0 0 482 0 0 241 0 0
47 723 0 0 482 0 0 482 34 0
48 723 0 0 0 0 0 482 0 0
50 964 0 0 241 141 0 0 0 0
51 241 0 0 1446 46 0 0 0 0
59 241 65 1 0 0 0 2169 86 1
fn=_dl_new_object
59 964 0 0 0 0 0 0 0 0
62 964 241 1 241 0 0 241 44 0
64 1 1 1 0 0 0 0 0 0
65 2 0 0 1 0 0 0 0 0
69 6 0 0 2 1 1 0 0 0
74 2 0 0 0 0 0 0 0 0
77 2640 0 0 480 430 0 0 0 0
89 723 0 0 0 0 0 241 0 0
92 723 0 0 0 0 0 0 0 0
95 241 241 1 0 0 0 241 201 93
96 723 0 0 0 0 0 241 241 241
99 241 0 0 0 0 0 241 35 35
100 241 0 0 0 0 0 0 0 0
101 1205 0 0 241 0 0 241 22 22
103 482 0 0 0 0 0 241 29 29
116 2410 0 0 482 162 0 0 0 0
122 241 0 0 0 0 0 0 0 0
124 723 0 0 241 191 191 241 0 0
127 1205 0 0 482 2 2 241 2 0
128 723 0 0 0 0 0 241 241 241
129 241 7 2 0 0 0 241 0 0
133 482 0 0 241 0 0 241 0 0
136 291 1 1 1 0 0 0 0 0
138 16 0 0 0 0 0 16 2 2
146 482 0 0 0 0 0 241 0 0
147 482 0 0 0 0 0 241 147 147
152 1928 233 0 723 192 0 0 0 0
154 720 0 0 0 0 0 240 0 0
157 1444 241 1 240 0 0 0 0 0
161 3196 0 0 799 667 0 0 0 0
165 1200 239 0 0 0 0 0 0 0
167 1 1 1 0 0 0 0 0 0
173 1 0 0 0 0 0 1 0 0
176 482 239 0 0 0 0 241 0 0
186 723 0 0 0 0 0 241 0 0
188 1200 0 0 0 0 0 240 0 0
192 720 0 0 240 0 0 0 0 0
196 480 0 0 0 0 0 0 0 0
197 720 0 0 0 0 0 0 0 0
242 720 240 1 240 0 0 0 0 0
247 4085 0 0 0 0 0 0 0 0
248 12255 0 0 4085 0 0 0 0 0
250 720 0 0 0 0 0 0 0 0
253 480 0 0 0 0 0 240 0 0
256 240 0 0 0 0 0 240 0 0
260 723 0 0 2169 0 0 0 0 0
fn=_dl_setup_hash
31 241 65 1 0 0 0 1446 0 0
fl=/build/glibc-2.31/elf/dl-reloc.c
fn=???
310 180 1 1 180 180 35 0 0 0
fn=_dl_protect_relro
309 720 1 1 0 0 0 540 0 0
310 1080 0 0 360 99 3 0 0 0
313 540 0 0 360 0 0 0 0 0
317 360 0 0 0 0 0 0 0 0
318 900 0 0 0 0 0 0 0 0
324 360 0 0 360 0 0 0 0 0
fn=_dl_reloc_bad_type
148 181 1 1 0 0 0 1629 0 0
fn=_dl_relocate_object
148 1629 0 0 181 109 32 362 0 0
158 362 0 0 0 0 0 181 0 0
159 724 0 0 0 0 0 181 0 0
163 362 0 0 0 0 0 0 0 0
164 1629 1 1 362 181 36 181 0 0
170 543 0 0 181 0 0 0 0 0
176 543 0 0 181 0 0 0 0 0
177 181 1 1 181 181 180 0 0 0
178 1086 0 0 181 0 0 181 0 0
180 905 0 0 362 1 1 0 0 0
187 724 1 1 181 25 25 181 1 0
227 543 0 0 362 209 24 181 0 0
255 12097 5 5 5305 832 531 577 0 0
258 540 1 1 180 0 0 0 0 0
282 540 0 0 180 54 1 180 0 0
285 720 0 0 180 0 0 0 0 0
294 360 0 0 0 0 0 0 0 0
302 360 0 0 180 112 31 0 0 0
303 360 0 0 0 0 0 0 0 0
304 720 0 0 1800 180 179 0 0 0
fl=/build/glibc-2.31/elf/dl-sort-maps.c
fn=_dl_exception_free
28 1 1 1 0 0 0 9 0 0
fn=_dl_sort_maps
28 6 1 1 0 0 0 5 1 1
30 2 0 0 0 0 0 0 0 0
33 2 0 0 0 0 0 1 0 0
34 10 0 0 1 0 0 0 0 0
35 8 1 1 0 0 0 3 0 0
39 2944 0 0 736 0 0 1104 0 0
40 1104 0 0 1104 0 0 0 0 0
42 1104 0 0 368 0 0 0 0 0
54 88294 0 0 735 0 0 0 0 0
56 130065 0 0 86710 33171 57 0 0 0
57 43355 0 0 0 0 0 0 0 0
59 838056 1 1 279352 25968 134 0 0 0
60 472974 0 0 0 0 0 0 0 0
65 762 0 0 254 26 0 0 0 0
66 254 0 0 0 0 0 0 0 0
67 127 0 0 0 0 0 127 0 0
69 254 0 0 127 0 0 0 0 0
71 0 0 0 0 0 0 0 0 0
72 0 0 0 0 0 0 0 0 0
77 1016 1 1 381 83 0 0 0 0
84 508 0 0 0 0 0 0 0 0
85 254 0 0 127 0 0 127 0 0
87 127 0 0 0 0 0 0 0 0
90 129684 0 0 43228 0 0 0 0 0
111 43228 0 0 0 0 0 0 0 0
115 965 1 1 241 65 0 0 0 0
118 46112 1 1 240 0 0 480 0 0
122 4 0 0 10 0 0 0 0 0
fl=/build/glibc-2.31/elf/dl-tls.c
fn=_dl_add_to_slotinfo
887 88 0 0 0 0 0 132 0 0
893 22 0 0 22 0 0 0 0 0
896 44 0 0 22 0 0 0 0 0
901 66 0 0 22 22 14 0 0 0
942 22 0 0 0 0 0 0 0 0
944 22 0 0 0 0 0 22 18 13
945 132 1 1 44 0 0 22 0 0
947 22 0 0 132 0 0 0 0 0
fn=_dl_allocate_tls_storage
345 3 0 0 2 1 1 0 0 0
346 4 1 1 1 0 0 0 0 0
347 2 0 0 0 0 0 0 0 0
367 5 0 0 0 0 0 0 0 0
374 4 0 0 0 0 0 0 0 0
379 2 0 0 0 0 0 1 0 0
381 2 0 0 0 0 0 0 0 0
382 2 0 0 0 0 0 0 0 0
385 2 0 0 4 0 0 0 0 0
fn=_dl_count_modids
113 3 0 0 1 0 0 0 0 0
114 1 1 0 1 0 0 0 0 0
129 1 0 0 0 0 0 0 0 0
141 1 1 1 1 1 1 0 0 0
fn=_dl_determine_tlsoffset
135 2 1 1 0 0 0 9 1 0
136 2 0 0 0 0 0 1 1 0
137 1 0 0 0 0 0 0 0 0
138 1 0 0 0 0 0 0 0 0
141 4 0 0 1 1 0 0 0 0
144 3 0 0 1 1 0 0 0 0
225 1 0 0 0 0 0 0 0 0
227 120 1 1 47 1 0 0 0 0
229 73 0 0 24 0 0 2 0 0
231 69 0 0 23 3 0 0 0 0
232 46 1 1 23 13 0 0 0 0
234 115 0 0 23 0 0 23 0 0
236 115 0 0 23 0 0 0 0 0
238 6 0 0 1 0 0 1 0 0
239 2 0 0 0 0 0 0 0 0
240 2 0 0 0 0 0 0 0 0
241 3 0 0 0 0 0 0 0 0
243 3 0 0 0 0 0 1 0 0
246 1 0 0 0 0 0 0 0 0
250 132 1 1 22 0 0 22 0 0
251 44 0 0 0 0 0 0 0 0
252 44 0 0 0 0 0 0 0 0
254 44 0 0 0 0 0 22 0 0
255 22 0 0 0 0 0 0 0 0
258 110 0 0 0 0 0 0 0 0
261 22 0 0 0 0 0 0 0 0
264 3 0 0 1 0 0 1 0 0
265 1 0 0 0 0 0 1 0 0
272 2 0 0 1 0 0 1 0 0
273 2 0 0 9 0 0 0 0 0
fn=_dl_get_tls_static_info
332 1 1 1 0 0 0 4 0 0
fn=_dl_mcount
278 1 1 1 0 0 0 4 0 0
fn=_dl_next_tls_modid
48 46 0 0 0 0 0 92 0 0
51 92 0 0 46 0 0 0 0 0
99 69 0 0 23 0 0 23 0 0
103 23 0 0 92 0 0 0 0 0
113 1 1 1 1 1 1 0 0 0
fn=_dl_tls_get_addr_soft
896 22 1 1 22 22 22 0 0 0
fn=allocate_dtv
278 1 0 0 0 0 0 0 0 0
285 3 0 0 2 2 1 0 0 0
286 3 0 0 0 0 0 0 0 0
287 1 0 0 0 0 0 0 0 0
290 4 0 0 0 0 0 1 1 1
296 1 0 0 0 0 0 1 0 0
302 1 1 0 4 0 0 0 0 0
fn=tls_get_addr_tail.isra.0
51 23 17 2 23 23 1 0 0 0
fl=/build/glibc-2.31/elf/dl-tunables.c
fn=__GI___tunables_init
67 252 0 0 36 0 0 0 0 0
70 35 0 0 0 0 0 0 0 0
73 2389 1 1 369 17 17 0 0 0
77 70 0 0 0 0 0 0 0 0
82 210 0 0 35 0 0 35 0 0
215 3 0 0 1 0 0 1 0 0
222 3 0 0 1 0 0 1 0 0
278 4 1 1 1 0 0 0 0 0
287 3 0 0 0 0 0 9 0 0
310 2835 1 1 0 0 0 0 0 0
316 2800 0 0 1400 0 0 0 0 0
328 213 0 0 106 0 0 1 1 1
362 2 1 1 9 0 0 0 0 0
368 240 5 1 0 0 0 480 112 4
fn=__tunable_get_val
371 1920 75 1 720 705 1 0 0 0
375 1440 16 2 720 0 0 480 0 0
376 240 0 0 0 0 0 0 0 0
397 2640 0 0 480 226 0 0 0 0
399 480 0 0 480 0 0 0 0 0
fn=__tunable_set_val
278 1 1 1 1 1 1 0 0 0
fl=/build/glibc-2.31/elf/dl-tunables.h
fn=__GI___tunables_init
119 3065 0 0 690 8 8 0 0 0
120 2035 1 1 0 0 0 0 0 0
fl=/build/glibc-2.31/elf/dl-version.c
fn=_dl_check_all_versions
364 2 0 0 0 0 0 0 0 0
366 1456 0 0 242 3 0 0 0 0
367 242 1 1 242 238 69 0 0 0
368 1452 0 0 0 0 0 0 0 0
371 2 0 0 6 0 0 0 0 0
fn=_dl_check_map_versions
37 70137 1 1 2994 218 1 237 0 0
38 31956 0 0 31956 0 0 0 0 0
39 164375 1 1 0 0 0 0 0 0
57 3208 0 0 3208 953 65 0 0 0
65 5760 0 0 1841 132 0 0 0 0
71 4812 0 0 1604 494 67 0 0 0
80 474 1 1 0 0 0 0 0 0
87 1604 0 0 1604 831 83 0 0 0
88 3208 0 0 0 0 0 0 0 0
90 3208 0 0 1604 0 0 0 0 0
95 55363 0 0 14177 1551 161 1604 0 0
109 42531 1 1 14177 571 46 0 0 0
114 16959 1 1 4127 134 19 0 0 0
121 37719 0 0 12573 360 34 0 0 0
125 12573 0 0 0 0 0 0 0 0
156 726 0 0 0 0 0 2662 2 2
157 239 0 0 0 0 0 238 0 0
165 239 0 0 1 0 0 0 0 0
171 484 1 1 0 0 0 0 0 0
172 4 0 0 0 0 0 4 0 0
173 726 0 0 242 234 144 242 0 0
175 484 0 0 242 233 174 242 0 0
176 484 0 0 242 32 24 242 0 0
178 726 0 0 0 0 0 0 0 0
181 948 0 0 474 353 195 237 0 0
185 711 0 0 237 233 210 0 0 0
199 682 0 0 0 0 0 0 0 0
201 3676 0 0 2757 90 90 0 0 0
209 2757 0 0 919 0 0 0 0 0
214 4595 0 0 1838 188 73 1838 0 0
218 17532 0 0 13346 589 362 474 0 0
222 3893 1 1 1604 0 0 1604 0 0
225 8020 1 1 1604 0 0 0 0 0
228 3208 0 0 1604 93 93 0 0 0
233 685 0 0 0 0 0 0 0 0
237 3676 0 0 1838 0 0 0 0 0
242 1364 0 0 0 0 0 682 0 0
251 726 0 0 242 62 0 0 0 0
254 370 0 0 222 55 1 0 0 0
257 3065 0 0 613 194 75 0 0 0
260 1839 0 0 613 77 31 0 0 0
264 539 0 0 0 0 0 0 0 0
268 476 1 1 0 0 0 0 0 0
273 238 0 0 0 0 0 238 181 141
274 952 1 1 0 0 0 0 0 0
275 476 0 0 0 0 0 0 0 0
285 238 0 0 0 0 0 238 9 0
288 714 0 0 476 363 313 238 95 43
290 476 0 0 238 0 0 0 0 0
293 948 1 1 711 58 0 0 0 0
295 682 0 0 0 0 0 0 0 0
297 3676 0 0 919 63 0 0 0 0
300 1604 0 0 1604 33 0 0 0 0
302 4812 0 0 0 0 0 0 0 0
304 6416 0 0 1604 0 0 1604 452 430
305 3682 1 1 0 0 0 1604 120 120
306 4812 0 0 1604 21 0 1604 0 0
307 4812 0 0 1604 6 0 1604 0 0
310 4812 0 0 1604 6 0 0 0 0
315 685 0 0 0 0 0 0 0 0
318 2757 0 0 919 0 0 0 0 0
323 682 0 0 0 0 0 0 0 0
328 714 0 0 238 0 0 0 0 0
331 370 0 0 222 0 0 0 0 0
335 539 0 0 539 0 0 0 0 0
337 1839 0 0 613 6 1 0 0 0
341 539 0 0 539 0 0 0 0 0
342 2695 0 0 539 0 0 539 33 17
343 1617 0 0 539 0 0 539 0 0
344 539 0 0 0 0 0 539 88 88
347 1839 1 1 613 0 0 0 0 0
351 539 0 0 0 0 0 0 0 0
357 726 0 0 2420 63 0 0 0 0
362 1 1 1 0 0 0 6 0 0
fn=_dl_strtoul
171 242 1 1 242 187 32 0 0 0
fl=/build/glibc-2.31/elf/do-rel.h
fn=_dl_relocate_object
46 360 0 0 0 0 0 0 0 0
47 1442 0 0 0 0 0 721 0 0
48 1081 0 0 721 183 57 360 0 0
58 722 0 0 0 0 0 0 0 0
61 18831 0 0 0 0 0 0 0 0
83 1298 1 1 649 125 16 649 0 0
84 649 1 1 649 65 4 0 0 0
86 1009 1 1 0 0 0 0 0 0
98 2847 0 0 1009 181 17 180 0 0
105 1156 0 0 0 0 0 0 0 0
108 1080 0 0 360 0 0 0 0 0
111 391756 3 3 0 0 0 0 0 0
112 194869 0 0 194869 24511 24507 0 0 0
118 1947 0 0 649 303 145 0 0 0
121 1284 0 0 642 211 43 642 32 3
124 127476 2 2 31985 0 0 0 0 0
136 94032 0 0 62688 14920 4423 0 0 0
137 156720 1 1 31344 0 0 62688 0 0
138 56479 0 0 31344 4670 154 0 0 0
139 94032 0 0 62688 16108 4284 31344 0 0
160 63 1 1 17 0 0 0 0 0
170 50 0 0 10 0 0 10 0 0
171 40 0 0 30 6 2 10 0 0
fn=_dl_start
83 2 0 0 1 0 0 0 0 0
84 3 0 0 2 0 0 0 0 0
111 98 0 0 0 0 0 0 0 0
112 45 0 0 45 7 7 0 0 0
116 5 0 0 2 0 0 0 0 0
124 39 1 1 0 0 0 0 0 0
136 12 0 0 0 0 0 0 0 0
139 24 0 0 24 1 1 0 0 0
fl=/build/glibc-2.31/elf/get-dynamic-info.h
fn=_dl_map_object_from_fd
42 480 1 1 0 0 0 0 0 0
46 240 0 0 0 0 0 0 0 0
48 22545 0 0 7515 1155 1155 0 0 0
50 14550 0 0 0 0 0 0 0 0
63 4671 0 0 0 0 0 0 0 0
64 4911 0 0 0 0 0 1237 312 312
65 720 0 0 0 0 0 0 0 0
66 480 0 0 0 0 0 0 0 0
67 240 0 0 0 0 0 0 0 0
68 1200 0 0 0 0 0 0 0 0
69 960 0 0 0 0 0 0 0 0
70 240 0 0 0 0 0 0 0 0
71 1200 0 0 0 0 0 0 0 0
72 720 0 0 0 0 0 0 0 0
73 6038 1 1 0 0 0 6038 457 457
81 480 0 0 0 0 0 0 0 0
101 498 1 1 246 0 0 6 0 0
102 1200 0 0 480 0 0 240 0 0
103 1200 0 0 480 0 0 240 0 0
104 1200 0 0 480 0 0 240 0 0
106 480 0 0 240 0 0 0 0 0
109 1200 1 1 480 0 0 240 0 0
111 1200 0 0 480 0 0 240 0 0
112 1188 0 0 476 1 1 236 0 0
113 1680 0 0 480 0 0 240 0 0
118 480 0 0 240 0 0 0 0 0
125 1200 0 0 240 0 0 0 0 0
130 480 0 0 240 0 0 0 0 0
131 0 0 0 0 0 0 0 0 0
134 480 0 0 240 0 0 0 0 0
135 960 0 0 480 0 0 0 0 0
149 480 1 1 240 0 0 0 0 0
154 294 0 0 147 0 0 147 36 36
156 147 0 0 0 0 0 0 0 0
157 294 0 0 0 0 0 14 0 0
158 147 0 0 0 0 0 0 0 0
159 294 0 0 0 0 0 0 0 0
160 147 0 0 0 0 0 0 0 0
161 294 0 0 0 0 0 140 0 0
163 720 0 0 240 0 0 0 0 0
165 286 0 0 143 0 0 143 0 0
166 143 0 0 0 0 0 0 0 0
167 429 0 0 0 0 0 8 0 0
175 715 1 1 286 139 1 0 0 0
180 143 0 0 0 0 0 0 0 0
181 429 0 0 140 0 0 140 0 0
183 480 0 0 240 0 0 0 0 0
185 0 0 0 0 0 0 0 0 0
fn=_dl_start
48 42 0 0 19 3 3 0 0 0
50 36 0 0 0 0 0 0 0 0
51 52 0 0 13 0 0 13 2 2
63 20 0 0 0 0 0 0 0 0
64 16 1 1 1 0 0 4 1 1
65 3 1 1 0 0 0 0 0 0
66 2 0 0 0 0 0 0 0 0
67 4 0 0 1 0 0 0 0 0
68 5 1 1 0 0 0 0 0 0
70 3 0 0 1 0 0 0 0 0
71 4 1 1 0 0 0 0 0 0
72 4 0 0 0 0 0 0 0 0
73 5 0 0 1 1 1 1 1 1
81 2 0 0 0 0 0 0 0 0
101 7 1 1 3 0 0 1 0 0
102 7 0 0 3 0 0 1 0 0
103 7 0 0 3 0 0 1 0 0
104 7 1 1 3 0 0 1 0 0
109 7 0 0 3 0 0 1 0 0
111 7 0 0 3 0 0 1 0 0
112 7 0 0 3 0 0 1 0 0
113 7 1 1 3 0 0 1 0 0
118 4 0 0 2 0 0 0 0 0
121 3 0 0 1 0 0 0 0 0
134 4 0 0 2 0 0 0 0 0
135 4 0 0 2 0 0 0 0 0
139 4 1 1 2 0 0 0 0 0
142 4 0 0 2 1 1 0 0 0
146 5 0 0 2 0 0 0 0 0
147 3 0 0 1 0 0 0 0 0
fn=dl_main
33 1 0 0 1 0 0 0 0 0
42 2 0 0 0 0 0 0 0 0
46 1 0 0 0 0 0 0 0 0
48 108 0 0 36 6 6 0 0 0
50 70 0 0 0 0 0 0 0 0
63 30 0 0 0 0 0 0 0 0
64 20 0 0 0 0 0 5 1 1
65 3 0 0 0 0 0 0 0 0
66 2 0 0 0 0 0 0 0 0
67 1 0 0 0 0 0 0 0 0
68 5 1 1 0 0 0 0 0 0
69 4 0 0 0 0 0 0 0 0
70 1 0 0 0 0 0 0 0 0
71 5 0 0 0 0 0 0 0 0
72 3 0 0 0 0 0 0 0 0
73 30 1 1 0 0 0 30 2 2
81 3 0 0 1 0 0 0 0 0
101 2 0 0 1 0 0 0 0 0
102 5 1 1 2 0 0 1 0 0
103 5 0 0 2 0 0 1 0 0
104 5 0 0 2 0 0 1 0 0
106 2 0 0 1 0 0 0 0 0
109 5 0 0 2 0 0 1 0 0
111 5 1 1 2 0 0 1 0 0
112 5 0 0 2 0 0 1 0 0
113 5 0 0 2 0 0 1 0 0
118 2 0 0 1 0 0 0 0 0
125 5 0 0 1 0 0 0 0 0
130 2 0 0 1 0 0 0 0 0
131 0 0 0 0 0 0 0 0 0
134 2 1 1 1 0 0 0 0 0
135 4 0 0 2 0 0 0 0 0
149 2 0 0 1 0 0 0 0 0
154 2 0 0 1 0 0 1 0 0
156 1 0 0 0 0 0 0 0 0
157 2 0 0 0 0 0 0 0 0
158 1 0 0 0 0 0 0 0 0
159 2 0 0 0 0 0 0 0 0
160 1 0 0 0 0 0 0 0 0
161 2 0 0 0 0 0 1 0 0
163 2 0 0 1 0 0 0 0 0
165 2 1 1 1 0 0 1 0 0
166 1 0 0 0 0 0 0 0 0
167 3 0 0 0 0 0 0 0 0
175 5 0 0 2 0 0 0 0 0
180 1 0 0 0 0 0 0 0 0
181 3 0 0 1 0 0 1 0 0
183 2 0 0 1 0 0 0 0 0
185 0 0 0 0 0 0 0 0 0
fl=/build/glibc-2.31/elf/rtld.c
fn=???
802 390 76 1 390 270 8 0 0 0
fn=_dl_start
430 3 0 0 0 0 0 0 0 0
431 1 0 0 0 0 0 1 0 0
432 3 0 0 1 0 0 1 0 0
433 3 0 0 1 0 0 1 0 0
434 3 0 0 1 0 0 1 1 1
443 3 0 0 1 0 0 1 0 0
449 4 0 0 2 0 0 0 0 0
463 5 0 0 0 0 0 10 2 2
504 3 0 0 1 0 0 1 0 0
507 3 0 0 1 0 0 1 1 1
518 2 1 1 0 0 0 0 0 0
523 27 1 1 11 0 0 0 0 0
525 5 0 0 2 1 1 1 0 0
858 1 1 1 0 0 0 9 0 0
fn=dl_main
817 3 0 0 2 2 1 0 0 0
821 4 1 1 3 0 0 1 1 0
830 4 0 0 2 1 1 1 0 0
835 2 0 0 0 0 0 1 0 0
1090 9 0 0 1 0 0 5 1 1
1096 2 0 0 0 0 0 0 0 0
1099 2 0 0 0 0 0 1 0 0
1102 5 0 0 2 0 0 1 0 0
1106 3 1 1 1 0 0 1 1 1
1107 3 0 0 1 0 0 1 0 0
1112 3 0 0 1 0 0 1 0 0
1122 6 0 0 3 0 0 0 0 0
1330 10 2 2 1 1 1 2 0 0
1332 3 0 0 0 0 0 0 0 0
1333 1 0 0 0 0 0 1 0 0
1334 2 0 0 1 0 0 1 0 0
1335 3 0 0 2 0 0 1 0 0
1339 2 0 0 0 0 0 0 0 0
1340 5 0 0 2 0 0 0 0 0
1361 2 0 0 0 0 0 1 0 0
1362 1 0 0 0 0 0 1 0 0
1364 2 0 0 0 0 0 1 0 0
1366 3 1 1 1 0 0 1 0 0
1369 36 1 1 10 0 0 0 0 0
1370 71 0 0 15 5 4 0 0 0
1374 4 1 1 1 0 0 1 0 0
1379 5 0 0 2 0 0 1 0 0
1388 5 0 0 2 0 0 2 0 0
1389 3 0 0 2 0 0 0 0 0
1391 8 1 1 2 1 1 3 0 0
1398 4 1 1 2 0 0 0 0 0
1410 5 0 0 1 0 0 1 0 0
1412 3 0 0 0 0 0 1 0 0
1416 1 0 0 0 0 0 0 0 0
1424 4 0 0 2 0 0 0 0 0
1425 13 2 2 6 0 0 1 0 0
1426 4 0 0 2 0 0 0 0 0
1427 4 0 0 0 0 0 1 0 0
1430 6 0 0 2 1 1 0 0 0
1431 4 0 0 2 0 0 0 0 0
1432 4 0 0 0 0 0 2 0 0
1433 13 0 0 3 0 0 2 0 0
1434 3 0 0 0 0 0 2 0 0
1456 3 0 0 1 0 0 1 0 0
1461 9 2 2 3 0 0 4 0 0
1465 2 0 0 1 0 0 1 0 0
1466 2 0 0 1 1 1 1 0 0
1478 2 0 0 1 0 0 0 0 0
1480 0 0 0 0 0 0 0 0 0
1481 2 0 0 1 0 0 0 0 0
1482 0 0 0 0 0 0 0 0 0
1483 3 0 0 1 0 0 0 0 0
1485 5 1 1 2 0 0 0 0 0
1498 4 0 0 2 0 0 0 0 0
1499 5 0 0 2 0 0 0 0 0
1500 1 0 0 1 0 0 0 0 0
1501 3 0 0 2 0 0 0 0 0
1504 3 0 0 1 0 0 1 0 0
1506 2 0 0 0 0 0 1 1 1
1507 2 0 0 0 0 0 1 0 0
1509 3 0 0 1 0 0 0 0 0
1510 2 1 1 0 0 0 1 0 0
1514 5 0 0 2 0 0 0 0 0
1516 3 0 0 1 0 0 0 0 0
1521 2 0 0 0 0 0 0 0 0
1524 3 0 0 1 0 0 0 0 0
1549 13 1 1 2 0 0 1 0 0
1554 4 2 2 2 1 1 0 0 0
1557 6 0 0 2 0 0 1 0 0
1559 2 0 0 0 0 0 1 0 0
1564 3 0 0 1 0 0 0 0 0
1567 4 0 0 2 0 0 1 0 0
1568 6 1 1 2 0 0 1 0 0
1569 2 0 0 0 0 0 1 0 0
1570 1 0 0 0 0 0 1 0 0
1571 3 0 0 1 0 0 1 0 0
1572 6 0 0 2 0 0 2 0 0
1577 5 0 0 2 0 0 0 0 0
1578 6 1 1 1 0 0 1 0 0
1595 5 0 0 2 1 1 0 0 0
1596 3 1 1 1 0 0 0 0 0
1598 3 0 0 1 0 0 0 0 0
1600 3 0 0 1 0 0 1 0 0
1601 2 0 0 1 0 0 1 0 0
1606 4 0 0 0 0 0 0 0 0
1607 8 0 0 1 1 1 0 0 0
1609 4 1 1 2 1 1 1 1 1
1610 2 0 0 1 1 1 1 0 0
1611 1 0 0 0 0 0 0 0 0
1615 5 1 1 2 0 0 0 0 0
1620 2 0 0 0 0 0 1 0 0
1621 5 0 0 2 0 0 0 0 0
1622 7 0 0 4 1 1 1 0 0
1640 2 0 0 0 0 0 1 0 0
1648 2 0 0 1 0 0 0 0 0
1651 2 0 0 1 0 0 1 0 0
1655 4 1 1 2 0 0 0 0 0
1656 0 0 0 0 0 0 0 0 0
1660 3 0 0 1 0 0 1 0 0
1661 1 0 0 0 0 0 0 0 0
1662 1 0 0 0 0 0 0 0 0
1666 5 0 0 2 0 0 0 0 0
1682 4 0 0 2 0 0 0 0 0
1684 1 0 0 0 0 0 0 0 0
1686 5 1 1 2 0 0 0 0 0
1690 6 2 2 1 1 1 0 0 0
1694 5 0 0 2 1 0 0 0 0
1709 7 0 0 1 0 0 0 0 0
1785 4 0 0 2 0 0 0 0 0
1789 7 2 2 0 0 0 0 0 0
1790 2 0 0 0 0 0 0 0 0
1793 2 0 0 0 0 0 1 0 0
1794 1 0 0 1 0 0 0 0 0
1795 2 0 0 0 0 0 0 0 0
1796 2 0 0 0 0 0 0 0 0
1805 10 1 1 1 0 0 1 0 0
1810 487 1 1 1 1 0 0 0 0
1811 970 0 0 485 255 0 242 0 0
1814 5 1 1 3 2 1 1 1 0
1815 2 0 0 1 0 0 0 0 0
1816 1 0 0 0 0 0 1 1 0
1818 30 0 0 0 0 0 0 0 0
1819 36 0 0 12 0 0 0 0 0
1822 5 1 1 2 1 1 0 0 0
1829 2 0 0 0 0 0 1 0 0
1831 5 1 1 1 0 0 1 0 0
1832 3 0 0 1 1 1 0 0 0
1834 4 0 0 1 0 0 1 0 0
1836 6 0 0 1 0 0 0 0 0
1838 4 0 0 2 1 0 0 0 0
1839 1 0 0 1 1 0 0 0 0
1840 0 0 0 0 0 0 0 0 0
1852 2 1 1 0 0 0 0 0 0
1853 4 0 0 1 0 0 1 0 0
1854 3 0 0 1 0 0 0 0 0
1856 3 0 0 1 1 0 0 0 0
1857 2 0 0 0 0 0 1 0 0
1865 6 0 0 1 0 0 2 0 0
1866 1 0 0 0 0 0 1 1 1
1867 5 1 1 2 0 0 0 0 0
1877 4 0 0 2 2 1 1 1 0
1878 3 0 0 1 0 0 0 0 0
1879 3 1 1 0 0 0 1 1 0
1881 2 0 0 1 0 0 0 0 0
1886 3 0 0 1 0 0 0 0 0
2116 3 0 0 1 1 1 0 0 0
2172 3 1 1 1 1 1 1 1 0
2176 5 0 0 3 0 0 2 0 0
2182 2 0 0 1 1 0 1 1 0
2185 2 0 0 0 0 0 0 0 0
2239 6 0 0 2 0 0 0 0 0
2242 3 0 0 1 0 0 1 0 0
2246 1 1 1 1 0 0 0 0 0
2247 365 0 0 0 0 0 0 0 0
2249 364 1 1 364 362 114 0 0 0
2254 364 0 0 364 312 186 0 0 0
2256 184 0 0 0 0 0 0 0 0
2258 183 1 1 0 0 0 1 0 0
2259 1 0 0 1 0 0 0 0 0
2262 546 0 0 182 131 7 182 0 0
2264 367 0 0 1 0 0 0 0 0
2265 1450 0 0 363 158 158 0 0 0
2269 612 0 0 204 23 16 0 0 0
2270 88 0 0 0 0 0 0 0 0
2533 5 0 0 2 1 1 1 0 0
2535 1 0 0 0 0 0 1 0 0
2536 1 0 0 0 0 0 0 0 0
2540 11 0 0 4 0 0 1 0 0
2542 15 0 0 0 0 0 0 0 0
2546 111 1 1 21 0 0 0 0 0
2547 19 0 0 0 0 0 0 0 0
2549 4 0 0 0 0 0 0 0 0
2555 14 0 0 2 2 1 0 0 0
2576 7 2 2 1 1 1 0 0 0
2583 7 0 0 1 0 0 0 0 0
2585 4 0 0 1 0 0 1 0 0
2586 1 0 0 0 0 0 0 0 0
2631 5 2 2 2 1 1 0 0 0
2632 7 0 0 1 0 0 0 0 0
2634 4 0 0 1 0 0 1 0 0
2635 1 0 0 0 0 0 0 0 0
2674 3 0 0 1 1 1 0 0 0
2677 2 0 0 1 0 0 0 0 0
2685 3 1 1 1 0 0 0 0 0
2704 6 1 0 2 0 0 0 0 0
2736 7 1 1 2 0 0 0 0 0
fn=do_preload
606 1 1 0 0 0 0 3 1 1
768 5 1 1 0 0 0 0 0 0
770 2 0 0 0 0 0 1 0 0
774 1 0 0 0 0 0 2 0 0
776 2 0 0 0 0 0 1 0 0
778 3 0 0 2 1 1 0 0 0
780 8 0 0 1 0 0 1 0 0
781 2 0 0 1 0 0 0 0 0
789 4 0 0 1 0 0 0 0 0
795 2 0 0 6 0 0 0 0 0
fn=dso_name_valid_for_suid
167 2 0 0 0 0 0 2 0 0
168 3 0 0 1 0 0 0 0 0
176 4 0 0 1 0 0 0 0 0
177 1 1 0 2 0 0 0 0 0
699 1 0 0 0 0 0 6 0 0
fn=handle_preload_list
858 2 0 0 0 0 0 0 0 0
859 3 0 0 0 0 0 0 0 0
863 4 1 0 2 1 0 0 0 0
866 8 1 1 1 1 0 0 0 0
867 5 0 0 0 0 0 0 0 0
869 4 0 0 0 0 0 1 0 0
870 3 0 0 1 0 0 1 0 0
873 3 0 0 0 0 0 0 0 0
876 1 0 0 0 0 0 0 0 0
877 5 0 0 1 0 0 0 0 0
880 1 0 0 0 0 0 0 0 0
881 6 1 0 0 0 0 0 0 0
884 4 1 0 9 0 0 0 0 0
1090 1 1 1 0 0 0 9 0 0
fn=init_tls
701 4 0 0 2 2 2 1 0 0
705 3 0 0 1 0 0 0 0 0
711 1 0 0 0 0 0 0 0 0
714 1 0 0 0 0 0 1 0 0
715 3 1 1 0 0 0 0 0 0
716 1 0 0 0 0 0 0 0 0
720 1 0 0 0 0 0 0 0 0
721 1 0 0 0 0 0 1 0 0
722 1 0 0 0 0 0 1 0 0
726 3 0 0 1 1 1 0 0 0
728 487 0 0 1 0 0 0 0 0
729 242 0 0 242 228 0 0 0 0
730 726 0 0 242 241 156 0 0 0
734 46 0 0 0 0 0 23 3 3
736 46 0 0 0 0 0 0 0 0
738 2 0 0 0 0 0 0 0 0
741 1 0 0 0 0 0 0 0 0
748 1 1 1 0 0 0 0 0 0
749 2 0 0 0 0 0 0 0 0
755 4 0 0 2 0 0 1 0 0
758 5 0 0 0 0 0 0 0 0
761 4 0 0 1 0 0 1 0 0
764 2 1 1 6 1 0 0 0 0
fn=map_doit
606 2 0 0 0 0 0 0 0 0
608 1 0 0 1 0 0 0 0 0
609 10 1 1 2 0 0 3 0 0
611 2 0 0 3 0 0 0 0 0
fn=print_missing_version
768 1 1 1 0 0 0 6 0 0
fn=process_dl_debug
168 1 1 1 1 1 1 0 0 0
fn=rtld_lock_default_lock_recursive
802 780 0 0 0 0 0 390 0 0
803 390 0 0 0 0 0 0 0 0
808 390 0 0 390 0 0 0 0 0
fn=rtld_lock_default_unlock_recursive
808 780 0 0 0 0 0 390 0 0
809 390 0 0 0 0 0 0 0 0
fn=unload_audit_module
641 1 1 1 1 1 1 0 0 0
fn=version_check_doit
463 1 1 1 1 1 1 0 0 0
639 2 0 0 0 0 0 2 0 0
641 6 0 0 2 1 0 0 0 0
642 0 0 0 0 0 0 0 0 0
645 1 1 1 2 0 0 0 0 0
fl=/build/glibc-2.31/io/../sysdeps/unix/sysv/linux/access.c
fn=access
25 1 0 0 0 0 0 1 0 0
27 8 0 0 1 1 0 1 0 0
31 1 0 0 1 0 0 0 0 0
fn=lseek64
27 1 1 1 0 0 0 0 0 0
fl=/build/glibc-2.31/io/../sysdeps/unix/sysv/linux/close_nocancel.c
fn=__GI___close_nocancel
25 241 0 0 0 0 0 241 0 0
26 723 0 0 0 0 0 0 0 0
27 241 0 0 241 0 0 0 0 0
fn=access
26 241 240 1 0 0 0 0 0 0
fl=/build/glibc-2.31/io/../sysdeps/unix/sysv/linux/fxstat64.c
fn=__fxstat64
34 241 0 0 0 0 0 241 0 0
37 1205 0 0 0 0 0 0 0 0
46 241 0 0 241 0 0 0 0 0
fn=__xstat64
37 241 1 1 0 0 0 0 0 0
fl=/build/glibc-2.31/io/../sysdeps/unix/sysv/linux/open64_nocancel.c
fn=__open64_nocancel
34 1980 0 0 495 0 0 495 0 0
37 2970 240 1 0 0 0 0 0 0
45 4240 0 0 254 233 50 254 229 4
47 1980 239 0 495 0 0 0 0 0
fn=__open_nocancel
34 495 240 53 0 0 0 1485 120 7
fl=/build/glibc-2.31/io/../sysdeps/unix/sysv/linux/read_nocancel.c
fn=__openat64_nocancel
26 240 240 1 0 0 0 0 0 0
fn=__read_nocancel
25 240 0 0 0 0 0 240 0 0
26 720 0 0 0 0 0 0 0 0
27 240 0 0 240 0 0 0 0 0
fl=/build/glibc-2.31/io/../sysdeps/unix/sysv/linux/xstat64.c
fn=__profile_frequency
33 16 1 1 0 0 0 0 0 0
fn=__xstat64
31 16 0 0 0 0 0 16 0 0
33 155 0 0 15 1 0 15 0 0
35 16 0 0 16 0 0 0 0 0
fl=/build/glibc-2.31/malloc/scratch_buffer_set_array_size.c
fn=__libc_scratch_buffer_set_array_size
30 480 0 0 0 0 0 0 0 0
31 240 0 0 0 0 0 0 0 0
34 1200 0 0 0 0 0 0 0 0
35 960 0 0 0 0 0 0 0 0
45 720 0 0 240 0 0 0 0 0
46 480 63 2 0 0 0 0 0 0
63 240 0 0 960 0 0 0 0 0
fn=__write_nocancel
30 240 7 3 0 0 0 960 0 0
fl=/build/glibc-2.31/misc/../sysdeps/unix/syscall-template.S
fn=???
78 421 1 1 0 0 0 421 1 0
fn=mprotect
78 1684 0 0 421 0 0 0 0 0
79 842 0 0 0 0 0 0 0 0
fl=/build/glibc-2.31/misc/../sysdeps/unix/sysv/linux/mmap.c
fn=__libc_scratch_buffer_set_array_size
35 569 9 2 0 0 0 1707 66 31
fn=mmap
35 569 0 0 569 0 0 0 0 0
38 1138 0 0 0 0 0 0 0 0
42 3983 0 0 569 0 0 0 0 0
48 569 0 0 1707 0 0 0 0 0
fl=/build/glibc-2.31/posix/../sysdeps/unix/syscall-template.S
fn=???
78 1 1 1 0 0 0 1 1 1
fn=uname
78 4 0 0 1 0 0 0 0 0
79 2 0 0 0 0 0 0 0 0
fl=/build/glibc-2.31/setjmp/../sysdeps/arm/setjmp.S
fn=???
27 1326 1 1 1326 413 1 0 0 0
fn=__sigsetjmp
27 2652 0 0 1326 240 0 0 0 0
29 1326 0 0 0 0 0 0 0 0
33 1326 0 0 0 0 0 0 0 0
37 1326 0 0 0 0 0 0 0 0
38 1326 0 0 0 0 0 0 0 0
39 1326 0 0 0 0 0 1326 138 4
40 1326 0 0 0 0 0 0 0 0
41 1326 0 0 0 0 0 1326 0 0
47 1326 0 0 0 0 0 10608 257 8
56 3978 0 0 2652 483 0 0 0 0
78 1326 0 0 0 0 0 10608 562 25
82 1326 1 0 0 0 0 0 0 0
83 1326 0 0 0 0 0 0 0 0
97 1326 0 0 0 0 0 0 0 0
fl=/build/glibc-2.31/string/../sysdeps/arm/armv6/strchr.S
fn=???
28 1567 1 1 1567 359 225 0 0 0
fn=index
29 1567 0 0 0 0 0 0 0 0
37 1567 0 0 0 0 0 0 0 0
38 1567 0 0 0 0 0 0 0 0
39 1567 0 0 0 0 0 0 0 0
40 1567 0 0 0 0 0 0 0 0
41 1567 0 0 0 0 0 0 0 0
42 1567 0 0 0 0 0 0 0 0
45 16792 0 0 16792 158 77 0 0 0
46 16792 0 0 0 0 0 0 0 0
47 16792 0 0 0 0 0 0 0 0
48 16792 0 0 0 0 0 0 0 0
49 16792 0 0 0 0 0 0 0 0
50 16792 0 0 0 0 0 0 0 0
51 16792 0 0 0 0 0 0 0 0
54 1566 0 0 0 0 0 0 0 0
55 1566 0 0 0 0 0 0 0 0
56 1566 0 0 0 0 0 0 0 0
57 1566 0 0 0 0 0 0 0 0
58 1028 0 0 0 0 0 0 0 0
61 1028 0 0 0 0 0 4112 114 14
68 1028 0 0 2056 123 59 0 0 0
69 1028 0 0 0 0 0 0 0 0
71 1028 0 0 0 0 0 0 0 0
72 1028 1 1 0 0 0 0 0 0
73 1028 0 0 0 0 0 0 0 0
78 1028 0 0 0 0 0 0 0 0
85 1220 0 0 0 0 0 0 0 0
86 1220 0 0 0 0 0 0 0 0
87 1220 0 0 0 0 0 0 0 0
88 1220 0 0 0 0 0 0 0 0
89 1220 0 0 0 0 0 0 0 0
90 1220 0 0 0 0 0 0 0 0
91 1220 0 0 0 0 0 0 0 0
92 1220 0 0 0 0 0 0 0 0
93 1220 0 0 0 0 0 0 0 0
94 1220 0 0 0 0 0 0 0 0
95 1220 0 0 0 0 0 0 0 0
96 1220 0 0 384 20 7 0 0 0
97 1220 0 0 0 0 0 0 0 0
103 1028 0 0 0 0 0 0 0 0
104 1028 0 0 0 0 0 0 0 0
105 1028 0 0 0 0 0 0 0 0
106 1028 0 0 0 0 0 0 0 0
107 1028 0 0 0 0 0 0 0 0
108 1028 0 0 0 0 0 0 0 0
113 1028 0 0 0 0 0 0 0 0
119 1028 0 0 0 0 0 0 0 0
120 1028 0 0 0 0 0 0 0 0
121 1028 0 0 0 0 0 0 0 0
122 1028 0 0 0 0 0 0 0 0
123 1028 0 0 0 0 0 0 0 0
124 1028 0 0 0 0 0 0 0 0
126 1028 0 0 4112 0 0 0 0 0
135 1567 1 1 0 0 0 0 0 0
136 1567 0 0 0 0 0 0 0 0
137 1567 0 0 0 0 0 0 0 0
138 1567 0 0 0 0 0 0 0 0
fl=/build/glibc-2.31/string/../sysdeps/arm/armv6t2/strlen.S
fn=???
54 1204 1 1 0 0 0 0 0 0
fn=strlen
55 1204 0 0 0 0 0 2408 0 0
60 1204 0 0 0 0 0 0 0 0
61 1204 0 0 0 0 0 0 0 0
62 1204 0 0 0 0 0 0 0 0
63 1204 0 0 0 0 0 0 0 0
64 1204 0 0 0 0 0 0 0 0
65 548 0 0 0 0 0 0 0 0
66 548 0 0 0 0 0 0 0 0
69 1256 0 0 2512 20 2 0 0 0
70 1256 0 0 0 0 0 0 0 0
71 1256 0 0 0 0 0 0 0 0
73 1912 0 0 0 0 0 0 0 0
74 1912 0 0 0 0 0 0 0 0
75 1912 0 0 0 0 0 0 0 0
76 1912 0 0 0 0 0 0 0 0
77 1912 1 1 0 0 0 0 0 0
80 1854 0 0 3708 24 1 0 0 0
81 1854 0 0 0 0 0 0 0 0
82 1854 0 0 0 0 0 0 0 0
83 1854 0 0 0 0 0 0 0 0
84 1854 0 0 0 0 0 0 0 0
85 1854 0 0 0 0 0 0 0 0
86 1854 0 0 0 0 0 0 0 0
89 1275 0 0 2550 15 0 0 0 0
90 1275 0 0 0 0 0 0 0 0
91 1275 0 0 0 0 0 0 0 0
92 1275 0 0 0 0 0 0 0 0
93 1275 0 0 0 0 0 0 0 0
94 1275 0 0 0 0 0 0 0 0
95 1275 0 0 0 0 0 0 0 0
98 783 0 0 1566 3 0 0 0 0
99 783 0 0 0 0 0 0 0 0
100 783 0 0 0 0 0 0 0 0
101 783 0 0 0 0 0 0 0 0
102 783 0 0 0 0 0 0 0 0
103 783 0 0 0 0 0 0 0 0
104 783 0 0 0 0 0 0 0 0
105 783 0 0 0 0 0 0 0 0
106 783 0 0 0 0 0 0 0 0
109 1204 1 1 0 0 0 0 0 0
110 1204 0 0 0 0 0 0 0 0
111 1204 0 0 0 0 0 0 0 0
112 1204 0 0 0 0 0 0 0 0
114 1204 0 0 0 0 0 0 0 0
116 1204 0 0 0 0 0 0 0 0
117 1204 0 0 2408 0 0 0 0 0
121 1204 0 0 0 0 0 0 0 0
122 1204 0 0 0 0 0 0 0 0
126 656 0 0 1312 159 10 0 0 0
127 656 0 0 0 0 0 0 0 0
128 656 0 0 0 0 0 0 0 0
129 656 0 0 0 0 0 0 0 0
130 656 1 1 0 0 0 0 0 0
131 656 0 0 0 0 0 0 0 0
132 656 0 0 0 0 0 0 0 0
133 656 0 0 0 0 0 0 0 0
134 656 0 0 0 0 0 0 0 0
135 656 0 0 0 0 0 0 0 0
136 656 0 0 0 0 0 0 0 0
137 656 0 0 0 0 0 0 0 0
138 656 0 0 0 0 0 0 0 0
fl=/build/glibc-2.31/string/../sysdeps/arm/armv7/multiarch/ifunc-memchr.h
fn=memchr
25 88 0 0 22 22 17 0 0 0
fn=strxfrm
25 22 1 1 0 0 0 0 0 0
fl=/build/glibc-2.31/string/../sysdeps/arm/armv7/multiarch/ifunc-memcpy.h
fn=memccpy
28 98 1 1 0 0 0 0 0 0
fn=memcpy
28 392 1 0 98 98 46 0 0 0
fl=/build/glibc-2.31/string/../sysdeps/arm/armv7/multiarch/memcpy_impl.S
fn=memcpy
269 2458 1 1 0 0 0 0 0 0
270 2458 0 0 0 0 0 0 0 0
271 2458 0 0 0 0 0 0 0 0
301 2442 0 0 0 0 0 0 0 0
302 2442 0 0 0 0 0 0 0 0
303 2442 0 0 0 0 0 0 0 0
309 34190 1 1 14653 242 0 14653 1022 791
312 2442 1 1 0 0 0 0 0 0
313 2442 0 0 875 3 1 0 0 0
314 2442 0 0 865 1 1 0 0 0
315 2442 0 0 0 0 0 875 22 22
316 2442 0 0 0 0 0 865 15 15
317 2442 0 0 0 0 0 0 0 0
321 197 0 0 0 0 0 197 77 0
325 197 0 0 0 0 0 0 0 0
326 197 0 0 0 0 0 0 0 0
327 197 0 0 0 0 0 0 0 0
328 197 13 3 0 0 0 0 0 0
340 8 0 0 0 0 0 0 0 0
341 8 0 0 0 0 0 0 0 0
353 8 0 0 0 0 0 0 0 0
354 8 0 0 0 0 0 0 0 0
356 8 0 0 0 0 0 0 0 0
357 8 0 0 0 0 0 0 0 0
395 8 1 1 0 0 0 0 0 0
396 8 0 0 0 0 0 0 0 0
398 9 0 0 18 0 0 0 0 0
399 9 0 0 0 0 0 18 2 2
400 9 0 0 18 0 0 0 0 0
401 9 0 0 0 0 0 18 1 1
402 9 0 0 18 0 0 0 0 0
403 9 0 0 0 0 0 18 2 2
404 9 0 0 18 0 0 0 0 0
405 9 0 0 0 0 0 18 4 4
406 9 0 0 18 0 0 0 0 0
407 9 0 0 0 0 0 18 0 0
408 9 0 0 18 0 0 0 0 0
409 9 0 0 0 0 0 18 1 1
410 9 0 0 18 0 0 0 0 0
411 9 0 0 0 0 0 18 0 0
412 9 1 1 18 0 0 0 0 0
413 9 0 0 0 0 0 18 0 0
414 9 0 0 0 0 0 0 0 0
415 9 0 0 0 0 0 0 0 0
416 8 0 0 0 0 0 0 0 0
417 8 0 0 0 0 0 0 0 0
426 8 0 0 0 0 0 0 0 0
427 8 0 0 0 0 0 0 0 0
436 8 0 0 0 0 0 0 0 0
437 8 0 0 0 0 0 0 0 0
438 8 0 0 0 0 0 0 0 0
443 32 0 0 16 0 0 16 1 1
446 8 1 1 0 0 0 0 0 0
447 8 0 0 4 0 0 0 0 0
448 8 0 0 0 0 0 4 0 0
449 8 1 1 0 0 0 0 0 0
450 8 0 0 3 0 0 0 0 0
451 8 0 0 1 0 0 0 0 0
452 8 0 0 0 0 0 3 0 0
453 8 0 0 0 0 0 1 0 0
456 8 0 0 8 0 0 0 0 0
459 8 0 0 0 0 0 0 0 0
598 189 1 1 0 0 0 0 0 0
599 189 0 0 0 0 0 0 0 0
603 189 0 0 0 0 0 0 0 0
604 189 0 0 0 0 0 0 0 0
605 189 0 0 0 0 0 0 0 0
606 103 0 0 0 0 0 0 0 0
607 103 0 0 0 0 0 0 0 0
608 103 0 0 71 11 0 0 0 0
609 103 0 0 0 0 0 71 0 0
610 103 0 0 0 0 0 0 0 0
611 103 0 0 0 0 0 0 0 0
612 103 0 0 43 0 0 0 0 0
613 103 0 0 0 0 0 0 0 0
614 103 0 0 0 0 0 43 0 0
616 189 0 0 0 0 0 0 0 0
617 189 0 0 0 0 0 0 0 0
618 189 1 1 7 0 0 0 0 0
619 189 0 0 0 0 0 0 0 0
620 182 0 0 0 0 0 0 0 0
651 182 0 0 0 0 0 0 0 0
652 182 0 0 0 0 0 0 0 0
653 182 0 0 0 0 0 0 0 0
654 182 0 0 182 40 0 0 0 0
655 182 0 0 182 8 0 0 0 0
656 182 0 0 0 0 0 364 0 0
659 182 0 0 182 0 0 0 0 0
660 182 0 0 182 1 0 0 0 0
661 182 0 0 0 0 0 364 0 0
664 182 0 0 182 0 0 0 0 0
665 182 0 0 182 10 0 0 0 0
666 182 0 0 0 0 0 364 0 0
669 182 0 0 182 0 0 0 0 0
670 182 1 1 182 35 0 0 0 0
671 182 0 0 0 0 0 0 0 0
674 393 0 0 0 0 0 0 0 0
675 393 0 0 0 0 0 786 0 0
676 393 0 0 393 0 0 0 0 0
677 393 0 0 393 18 0 0 0 0
678 393 0 0 0 0 0 786 1 1
679 393 0 0 393 0 0 0 0 0
680 393 0 0 393 0 0 0 0 0
681 393 0 0 0 0 0 786 0 0
682 393 0 0 393 0 0 0 0 0
683 393 0 0 393 11 0 0 0 0
684 393 0 0 0 0 0 786 2 2
685 393 0 0 393 0 0 0 0 0
686 393 0 0 393 21 0 0 0 0
687 393 0 0 0 0 0 0 0 0
689 575 1 1 0 0 0 1150 17 17
690 575 0 0 575 0 0 0 0 0
691 575 1 1 575 11 0 0 0 0
692 575 0 0 0 0 0 1150 1 1
693 575 0 0 575 0 0 0 0 0
694 575 0 0 575 8 0 0 0 0
695 575 0 0 0 0 0 1150 2 2
696 575 0 0 575 0 0 0 0 0
697 575 0 0 575 53 0 0 0 0
698 575 0 0 0 0 0 1150 1 1
699 575 0 0 575 0 0 0 0 0
700 575 0 0 575 11 0 0 0 0
701 575 0 0 0 0 0 0 0 0
704 182 0 0 0 0 0 364 0 0
705 182 0 0 0 0 0 0 0 0
706 182 0 0 0 0 0 364 2 2
707 182 0 0 364 0 0 0 0 0
710 182 0 0 0 0 0 364 1 1
711 182 1 1 364 0 0 0 0 0
714 182 0 0 0 0 0 364 3 3
715 182 0 0 364 0 0 0 0 0
718 182 0 0 0 0 0 0 0 0
719 182 0 0 0 0 0 0 0 0
721 182 0 0 182 0 0 0 0 0
724 182 0 0 0 0 0 0 0 0
725 8 0 0 0 0 0 0 0 0
fl=/build/glibc-2.31/string/../sysdeps/arm/armv7/strcmp.S
fn=???
152 104844 0 0 0 0 0 0 0 0
153 104844 0 0 0 0 0 0 0 0
158 356356 1 1 356356 24661 10360 0 0 0
fn=strcmp
159 356356 0 0 356356 144629 5995 0 0 0
160 356356 0 0 0 0 0 0 0 0
161 356356 0 0 0 0 0 0 0 0
162 356356 0 0 0 0 0 0 0 0
163 356356 0 0 0 0 0 0 0 0
165 251512 0 0 0 0 0 503024 6883 14
169 251512 0 0 0 0 0 0 0 0
170 251512 0 0 0 0 0 503024 0 0
173 251512 0 0 0 0 0 0 0 0
174 251512 0 0 0 0 0 0 0 0
175 251512 0 0 0 0 0 0 0 0
178 232679 0 0 0 0 0 0 0 0
179 232679 0 0 0 0 0 0 0 0
180 232679 0 0 0 0 0 0 0 0
184 13579 0 0 0 0 0 0 0 0
185 13579 1 1 0 0 0 0 0 0
186 13579 0 0 0 0 0 0 0 0
187 13579 0 0 0 0 0 0 0 0
188 13579 0 0 0 0 0 0 0 0
189 13579 0 0 27158 0 0 0 0 0
190 13579 0 0 0 0 0 0 0 0
191 13579 0 0 27158 0 0 0 0 0
192 13579 0 0 0 0 0 0 0 0
193 13579 0 0 0 0 0 0 0 0
194 13579 0 0 0 0 0 0 0 0
195 13579 0 0 0 0 0 0 0 0
196 9003 0 0 0 0 0 0 0 0
197 9003 0 0 0 0 0 0 0 0
198 9003 0 0 0 0 0 0 0 0
199 9003 0 0 0 0 0 0 0 0
200 9003 0 0 0 0 0 0 0 0
207 23821 0 0 47642 459 126 0 0 0
208 23821 0 0 47642 87 3 0 0 0
210 37400 1 1 0 0 0 0 0 0
211 37400 0 0 0 0 0 0 0 0
212 37400 0 0 0 0 0 0 0 0
213 37400 0 0 0 0 0 0 0 0
214 17591 0 0 0 0 0 0 0 0
215 17591 0 0 0 0 0 0 0 0
216 17591 0 0 0 0 0 0 0 0
217 17591 0 0 0 0 0 0 0 0
219 10984 0 0 21968 1149 240 0 0 0
220 10984 0 0 21968 565 21 0 0 0
221 10984 0 0 0 0 0 0 0 0
222 10984 0 0 0 0 0 0 0 0
223 10984 0 0 0 0 0 0 0 0
224 10984 0 0 0 0 0 0 0 0
225 10984 0 0 0 0 0 0 0 0
226 10984 1 1 0 0 0 0 0 0
228 10984 0 0 0 0 0 0 0 0
229 10984 0 0 0 0 0 0 0 0
232 5996 0 0 0 0 0 0 0 0
235 97086 0 0 35304 0 0 0 0 0
239 259446 0 0 94344 0 0 0 0 0
243 219100 1 1 0 0 0 0 0 0
244 219100 0 0 0 0 0 0 0 0
245 33271 0 0 0 0 0 0 0 0
246 33271 0 0 0 0 0 0 0 0
251 29989 0 0 29989 245 173 0 0 0
252 29989 0 0 29989 258 32 0 0 0
254 39762 0 0 0 0 0 0 0 0
255 39762 0 0 0 0 0 0 0 0
256 39762 0 0 0 0 0 0 0 0
257 39762 0 0 0 0 0 0 0 0
258 14914 0 0 14914 368 188 0 0 0
259 14914 0 0 14914 525 10 0 0 0
260 14914 0 0 0 0 0 0 0 0
261 14914 0 0 0 0 0 0 0 0
262 14914 0 0 0 0 0 0 0 0
263 14914 0 0 0 0 0 0 0 0
264 14914 0 0 0 0 0 0 0 0
267 332710 1 1 66542 0 0 0 0 0
273 9773 0 0 0 0 0 0 0 0
274 9773 0 0 0 0 0 0 0 0
275 9773 0 0 9773 0 0 0 0 0
276 9773 0 0 0 0 0 0 0 0
277 9773 0 0 9773 0 0 0 0 0
279 9773 0 0 0 0 0 0 0 0
280 9773 0 0 0 0 0 0 0 0
281 9773 0 0 0 0 0 0 0 0
282 9773 0 0 0 0 0 0 0 0
285 185829 1 1 0 0 0 0 0 0
286 185829 0 0 0 0 0 0 0 0
287 170284 0 0 0 0 0 0 0 0
288 170284 0 0 0 0 0 0 0 0
289 170284 0 0 0 0 0 0 0 0
290 170284 0 0 170284 0 0 0 0 0
291 170284 0 0 0 0 0 0 0 0
292 118115 0 0 0 0 0 0 0 0
318 63627 0 0 63627 183 1 0 0 0
319 63627 0 0 0 0 0 0 0 0
320 63627 0 0 0 0 0 0 0 0
321 63627 0 0 0 0 0 0 0 0
322 45493 0 0 0 0 0 0 0 0
325 97662 0 0 97662 499 9 0 0 0
326 97662 0 0 0 0 0 0 0 0
327 97662 0 0 0 0 0 0 0 0
328 97662 0 0 0 0 0 0 0 0
329 81384 0 0 0 0 0 0 0 0
333 34412 1 1 0 0 0 0 0 0
334 34412 0 0 34412 0 0 0 0 0
341 34412 0 0 0 0 0 0 0 0
345 135872 0 0 0 0 0 0 0 0
351 151417 0 0 151417 880 426 0 0 0
352 151417 0 0 0 0 0 0 0 0
354 151417 0 0 0 0 0 0 0 0
355 151417 0 0 151417 0 0 0 0 0
356 151417 0 0 0 0 0 0 0 0
357 104941 0 0 0 0 0 0 0 0
361 83594 0 0 0 0 0 0 0 0
362 83594 0 0 0 0 0 0 0 0
363 83594 0 0 0 0 0 0 0 0
364 83594 0 0 0 0 0 0 0 0
365 83594 0 0 0 0 0 0 0 0
366 32311 0 0 0 0 0 0 0 0
367 26387 0 0 26387 1133 50 0 0 0
368 26387 0 0 0 0 0 0 0 0
369 26387 0 0 0 0 0 0 0 0
370 26387 0 0 0 0 0 0 0 0
371 22255 0 0 22255 1324 655 0 0 0
372 22255 0 0 0 0 0 0 0 0
374 51283 0 0 0 0 0 0 0 0
375 51283 0 0 0 0 0 0 0 0
378 5924 0 0 0 0 0 0 0 0
379 5924 0 0 0 0 0 0 0 0
383 1874 0 0 1874 34 3 0 0 0
384 1874 0 0 3748 0 0 0 0 0
392 1874 0 0 0 0 0 0 0 0
393 1874 0 0 0 0 0 0 0 0
397 4132 0 0 0 0 0 0 0 0
398 4132 0 0 0 0 0 0 0 0
399 4132 0 0 0 0 0 0 0 0
403 64323 1 1 0 0 0 0 0 0
404 64323 0 0 0 0 0 0 0 0
405 64323 0 0 0 0 0 0 0 0
406 64323 2 2 0 0 0 0 0 0
407 64323 0 0 0 0 0 0 0 0
408 35703 0 0 0 0 0 0 0 0
409 29080 0 0 29080 1164 53 0 0 0
410 29080 0 0 0 0 0 0 0 0
411 29080 0 0 0 0 0 0 0 0
412 29080 0 0 0 0 0 0 0 0
413 20721 0 0 20721 1080 669 0 0 0
414 20721 0 0 0 0 0 0 0 0
416 28620 0 0 0 0 0 0 0 0
417 28620 0 0 0 0 0 0 0 0
419 6623 0 0 0 0 0 0 0 0
420 6623 0 0 0 0 0 0 0 0
422 4178 0 0 4178 68 3 0 0 0
423 4178 0 0 0 0 0 0 0 0
427 4178 0 0 0 0 0 0 0 0
430 8359 0 0 0 0 0 0 0 0
431 8359 0 0 0 0 0 0 0 0
432 8359 0 0 0 0 0 0 0 0
436 66154 1 1 0 0 0 0 0 0
437 66154 0 0 0 0 0 0 0 0
438 66154 0 0 0 0 0 0 0 0
439 66154 0 0 0 0 0 0 0 0
440 66154 0 0 0 0 0 0 0 0
441 39305 0 0 0 0 0 0 0 0
442 32089 0 0 32089 1262 37 0 0 0
443 32089 0 0 0 0 0 0 0 0
444 32089 0 0 0 0 0 0 0 0
445 32089 0 0 0 0 0 0 0 0
446 19678 0 0 19678 1028 655 0 0 0
447 19678 0 0 0 0 0 0 0 0
449 26849 0 0 0 0 0 0 0 0
450 26849 0 0 0 0 0 0 0 0
452 7216 0 0 0 0 0 0 0 0
453 7216 0 0 0 0 0 0 0 0
454 5509 0 0 5509 105 8 0 0 0
456 17920 0 0 0 0 0 0 0 0
457 17920 0 0 0 0 0 0 0 0
458 17920 0 0 0 0 0 0 0 0
461 8202 0 0 0 0 0 0 0 0
462 8202 0 0 16404 0 0 0 0 0
470 8202 0 0 0 0 0 0 0 0
475 141341 1 1 0 0 0 0 0 0
476 141341 0 0 0 0 0 0 0 0
479 141341 0 0 0 0 0 0 0 0
480 141341 0 0 0 0 0 0 0 0
481 141341 0 0 0 0 0 0 0 0
482 141341 0 0 0 0 0 0 0 0
483 141341 0 0 0 0 0 0 0 0
484 141341 0 0 0 0 0 0 0 0
485 141341 0 0 0 0 0 0 0 0
486 141341 0 0 282682 0 0 0 0 0
493 141341 0 0 0 0 0 0 0 0
494 141341 0 0 0 0 0 0 0 0
fl=/build/glibc-2.31/string/../sysdeps/arm/memmove.S
fn=memmove
70 268 7 4 0 0 0 0 0 0
71 268 0 0 0 0 0 0 0 0
73 268 0 0 0 0 0 0 0 0
78 14 0 0 0 0 0 42 0 0
85 14 0 0 0 0 0 0 0 0
86 14 0 0 0 0 0 0 0 0
87 14 0 0 0 0 0 0 0 0
88 14 0 0 0 0 0 0 0 0
89 14 0 0 0 0 0 0 0 0
90 14 0 0 0 0 0 0 0 0
91 14 0 0 0 0 0 0 0 0
92 14 0 0 0 0 0 0 0 0
93 14 14 3 0 0 0 0 0 0
95 14 0 0 0 0 0 0 0 0
96 14 0 0 0 0 0 56 0 0
102 14 0 0 0 0 0 0 0 0
131 14 14 3 0 0 0 0 0 0
132 14 0 0 0 0 0 0 0 0
135 14 0 0 0 0 0 0 0 0
161 14 0 0 14 0 0 0 0 0
163 14 0 0 14 0 0 0 0 0
165 14 0 0 14 0 0 0 0 0
168 14 0 0 0 0 0 0 0 0
190 14 1 1 0 0 0 14 0 0
192 14 0 0 0 0 0 14 0 0
194 14 0 0 0 0 0 14 0 0
204 14 0 0 56 0 0 0 0 0
211 14 0 0 0 0 0 0 0 0
212 14 0 0 0 0 0 0 0 0
213 14 0 0 0 0 0 0 0 0
214 14 0 0 0 0 0 0 0 0
215 14 0 0 0 0 0 0 0 0
216 14 0 0 0 0 0 0 0 0
217 14 0 0 0 0 0 0 0 0
227 14 0 0 42 0 0 0 0 0
fl=/build/glibc-2.31/string/../sysdeps/arm/memset.S
fn=memset
29 847 1 1 0 0 0 0 0 0
30 847 0 0 0 0 0 0 0 0
31 847 0 0 0 0 0 0 0 0
34 1047 0 0 0 0 0 0 0 0
35 1047 0 0 0 0 0 256 87 8
36 1047 0 0 0 0 0 0 0 0
37 1047 0 0 0 0 0 0 0 0
39 791 0 0 0 0 0 0 0 0
40 791 0 0 0 0 0 0 0 0
41 791 0 0 0 0 0 0 0 0
42 791 0 0 0 0 0 0 0 0
45 9988 0 0 0 0 0 0 0 0
46 9988 1 1 0 0 0 19040 1430 1180
47 9988 0 0 0 0 0 0 0 0
48 9988 0 0 0 0 0 18824 1040 886
49 9988 0 0 0 0 0 0 0 0
50 9988 0 0 0 0 0 18606 746 594
51 9988 0 0 0 0 0 0 0 0
52 9988 0 0 0 0 0 18394 1241 1089
53 9988 0 0 0 0 0 0 0 0
55 791 0 0 0 0 0 0 0 0
57 1118 0 0 0 0 0 0 0 0
58 1118 0 0 0 0 0 511 58 58
59 1118 0 0 0 0 0 0 0 0
60 1118 0 0 0 0 0 511 0 0
61 1118 0 0 0 0 0 0 0 0
62 1118 0 0 0 0 0 271 0 0
63 1118 0 0 0 0 0 0 0 0
64 1118 0 0 0 0 0 271 0 0
65 1118 0 0 0 0 0 0 0 0
67 847 0 0 0 0 0 0 0 0
fl=/build/glibc-2.31/string/memcmp.c
fn=bcmp
96 720 0 0 0 0 0 480 0 0
101 240 239 1 240 0 0 0 0 0
102 240 0 0 240 0 0 0 0 0
106 720 0 0 0 0 0 0 0 0
107 240 0 0 0 0 0 0 0 0
122 1971 239 1 247 230 10 0 0 0
148 1 0 0 0 0 0 0 0 0
149 1 0 0 0 0 0 0 0 0
150 1 1 0 0 0 0 0 0 0
158 3 0 0 1 0 0 0 0 0
159 2 1 1 1 0 0 0 0 0
160 2 0 0 0 0 0 0 0 0
164 247 240 1 247 55 4 0 0 0
165 247 0 0 247 0 0 0 0 0
166 494 1 0 0 0 0 0 0 0
170 247 0 0 247 0 0 0 0 0
171 247 0 0 247 0 0 0 0 0
172 494 0 0 0 0 0 0 0 0
173 240 0 0 0 0 0 0 0 0
176 7 0 0 7 0 0 0 0 0
177 7 0 0 7 0 0 0 0 0
178 14 0 0 0 0 0 0 0 0
181 14 0 0 0 0 0 0 0 0
182 7 0 0 0 0 0 0 0 0
185 14 7 2 0 0 0 0 0 0
190 14 0 0 0 0 0 0 0 0
302 1496 0 0 0 0 0 6732 2 2
305 748 0 0 0 0 0 0 0 0
306 748 0 0 0 0 0 0 0 0
309 748 0 0 0 0 0 0 0 0
313 741 0 0 0 0 0 0 0 0
329 1235 241 53 247 1 1 0 0 0
333 480 0 0 0 0 0 0 0 0
337 14 0 0 0 0 0 0 0 0
338 7 0 0 0 0 0 0 0 0
339 7 0 0 0 0 0 0 0 0
343 10009 240 39 0 0 0 0 0 0
345 3764 0 0 3764 1 1 0 0 0
346 3764 0 0 3764 261 6 0 0 0
347 3764 0 0 0 0 0 0 0 0
350 7528 0 0 0 0 0 0 0 0
355 14 0 0 0 0 0 0 0 0
356 1496 3 1 6732 0 0 0 0 0
fn=memchr
309 748 63 2 0 0 0 0 0 0
fl=/build/glibc-2.31/string/mempcpy.c
fn=???
34 1000 1 1 0 0 0 2000 210 9
fn=mempcpy
34 1000 0 0 0 0 0 0 0 0
35 1000 0 0 0 0 0 0 0 0
36 2000 0 0 2000 0 0 0 0 0
fl=/build/glibc-2.31/string/strcspn.c
fn=???
32 1 1 1 0 0 0 5 1 1
fn=strcspn
32 2 0 0 0 0 0 0 0 0
33 3 0 0 1 1 1 0 0 0
34 4 0 0 1 0 0 0 0 0
39 5 0 0 0 0 0 0 0 0
40 4 1 1 0 0 0 0 0 0
41 4 0 0 0 0 0 0 0 0
42 4 0 0 0 0 0 0 0 0
44 1 0 0 0 0 0 0 0 0
47 7 0 0 2 0 0 3 0 0
48 6 0 0 0 0 0 0 0 0
51 4 0 0 2 0 0 0 0 0
52 4 0 0 2 0 0 0 0 0
53 4 1 1 2 0 0 0 0 0
54 4 0 0 2 0 0 0 0 0
56 1 0 0 0 0 0 0 0 0
62 32 0 0 32 0 0 0 0 0
63 16 0 0 16 0 0 0 0 0
64 32 0 0 32 0 0 0 0 0
65 16 0 0 16 0 0 0 0 0
67 96 0 0 32 0 0 0 0 0
69 1 0 0 0 0 0 0 0 0
70 3 0 0 0 0 0 0 0 0
71 2 0 0 5 0 0 0 0 0
fl=/build/glibc-2.31/string/strdup.c
fn=???
40 241 1 1 0 0 0 482 0 0
fn=strdup
40 482 0 0 0 0 0 0 0 0
41 482 0 0 0 0 0 0 0 0
42 723 0 0 0 0 0 241 0 0
44 241 0 0 0 0 0 0 0 0
47 723 0 0 241 0 0 0 0 0
48 482 0 0 482 0 0 0 0 0
fl=???
fn=???
0 171803 501 5 3268 1078 3 0 0 0
fn=__aeabi_uidivmod
0 1130444 0 0 484476 0 0 484476 1553 10
fn=__memcpy_from_thumb
0 482 0 0 241 234 1 0 0 0
fn=__memset_from_thumb
0 241 15 1 0 0 0 0 0 0
fn=__udivsi3
0 22056911 10 10 0 0 0 0 0 0
fn=crc32_z
0 2 0 0 0 0 0 0 0 0
fn=get_crc_table
0 1 1 1 1 1 0 0 0 0
summary: 164698208 10049 852 46127842 12350713 2226988 16146499 74333 9347
