desc: I1 cache:         16384 B, 64 B, 4-way associative
desc: D1 cache:         16384 B, 64 B, 4-way associative
desc: LL cache:         262144 B, 64 B, 8-way associative
cmd: ./hw3 2
events: Ir I1mr ILmr Dr D1mr DLmr Dw D1mw DLmw 
fl=/build/glibc-2.31/elf/../elf/dl-sysdep.c
fn=???
114 1 1 1 0 0 0 0 0 0
fn=_dl_sysdep_start
89 3 0 0 0 0 0 9 0 0
90 11 1 1 5 0 0 5 0 0
91 2 0 0 0 0 0 1 0 0
113 3 1 1 1 0 0 1 0 0
114 124 0 0 41 4 4 4 4 4
117 3 0 0 1 0 0 1 1 1
118 2 0 0 0 0 0 1 1 1
120 144 6 6 43 4 4 18 1 1
121 71 0 0 17 2 0 0 0 0
124 1 0 0 1 0 0 0 0 0
127 1 0 0 1 0 0 0 0 0
130 1 0 0 1 0 0 0 0 0
131 1 0 0 0 0 0 0 0 0
133 1 0 0 1 0 0 0 0 0
134 1 0 0 0 0 0 0 0 0
154 3 1 1 1 0 0 1 0 0
155 1 0 0 0 0 0 0 0 0
157 3 0 0 1 0 0 1 0 0
158 1 0 0 0 0 0 0 0 0
160 5 1 1 1 0 0 2 0 0
161 1 0 0 0 0 0 0 0 0
166 3 0 0 1 0 0 1 0 0
167 2 0 0 0 0 0 1 0 0
182 2 0 0 1 0 0 1 0 0
183 1 0 0 0 0 0 0 0 0
223 1 0 0 0 0 0 0 0 0
235 3 1 1 0 0 0 1 0 0
237 6 0 0 1 0 0 0 0 0
249 4 0 0 2 0 0 0 0 0
252 7 0 0 2 0 0 0 0 0
fl=/build/glibc-2.31/elf/../include/scratch_buffer.h
fn=_dl_map_object_deps
77 6 0 0 0 0 0 4 0 0
78 2 0 0 0 0 0 1 1 1
131 12 0 0 4 0 0 0 0 0
fl=/build/glibc-2.31/elf/../misc/sbrk.c
fn=brk
32 1 1 1 0 0 0 4 0 0
fn=sbrk
32 1 0 0 0 0 0 0 0 0
40 8 0 0 4 2 2 0 0 0
44 2 0 0 0 0 0 0 0 0
60 2 0 0 4 0 0 0 0 0
fl=/build/glibc-2.31/elf/../sysdeps/arm/dl-irel.h
fn=_dl_start
33 4 0 0 1 0 0 1 0 0
fl=/build/glibc-2.31/elf/../sysdeps/arm/dl-machine.h
fn=_dl_start
48 2 0 0 1 0 0 0 0 0
59 2 0 0 2 1 1 0 0 0
60 1 0 0 0 0 0 0 0 0
76 1 0 0 0 0 0 0 0 0
77 1 0 0 0 0 0 0 0 0
79 1 1 1 0 0 0 0 0 0
326 3 0 0 1 0 0 1 0 0
367 12 1 1 0 0 0 0 0 0
395 159 0 0 49 8 8 0 0 0
398 24 0 0 0 0 0 0 0 0
403 48 0 0 12 1 0 0 0 0
427 60 0 0 12 0 0 0 0 0
431 24 2 2 0 0 0 12 0 0
637 180 1 1 45 20 20 45 0 0
fn=_dl_sysdep_start
270 6 0 0 3 1 1 0 0 0
272 0 0 0 0 0 0 0 0 0
fl=/build/glibc-2.31/elf/../sysdeps/generic/ldsodefs.h
fn=_dl_new_object
1208 69 0 0 1 0 0 0 0 0
fl=/build/glibc-2.31/elf/../sysdeps/posix/dl-fileid.h
fn=_dl_map_object_from_fd
37 186 2 1 0 0 0 0 0 0
40 62 1 1 62 1 1 62 0 0
41 62 0 0 62 0 0 62 0 0
49 4984 1 1 1996 353 0 0 0 0
fl=/build/glibc-2.31/elf/../sysdeps/unix/sysv/linux/arm/brk.c
fn=__libc_do_syscall
31 1 1 1 0 0 0 0 0 0
fn=brk
28 2 0 0 0 0 0 2 0 0
31 6 1 0 1 1 1 1 0 0
33 2 0 0 0 0 0 0 0 0
39 2 0 0 0 0 0 0 0 0
40 1 0 0 2 0 0 0 0 0
fl=/build/glibc-2.31/elf/../sysdeps/unix/sysv/linux/arm/dl-procinfo.h
fn=_dl_important_hwcaps
42 2 0 0 2 0 0 0 0 0
fl=/build/glibc-2.31/elf/../sysdeps/unix/sysv/linux/arm/libc-do-syscall.S
fn=???
40 271 0 0 0 0 0 542 9 5
fn=__libc_do_syscall
45 271 0 0 0 0 0 0 0 0
46 271 0 0 0 0 0 0 0 0
47 270 0 0 540 0 0 0 0 0
fl=/build/glibc-2.31/elf/../sysdeps/unix/sysv/linux/dl-sysdep.c
fn=_dl_discover_osversion
46 2 0 0 0 0 0 9 0 0
48 4 1 1 1 0 0 0 0 0
88 3 1 1 0 0 0 0 0 0
103 1 1 1 0 0 0 0 0 0
107 1 0 0 0 0 0 0 0 0
108 1 0 0 0 0 0 0 0 0
110 15 0 0 3 1 1 0 0 0
112 3 0 0 0 0 0 0 0 0
114 15 0 0 3 0 0 0 0 0
116 1 0 0 0 0 0 0 0 0
120 3 0 0 0 0 0 0 0 0
122 3 0 0 0 0 0 0 0 0
124 13 1 1 0 0 0 0 0 0
129 2 0 0 0 0 0 0 0 0
133 2 0 0 9 0 0 0 0 0
fn=_dl_show_auxv
48 1 1 1 1 1 0 0 0 0
fn=_dl_sysdep_start
36 2 0 0 0 0 0 0 0 0
fl=/build/glibc-2.31/elf/../sysdeps/unix/sysv/linux/dl-vdso-setup.h
fn=dl_main
27 5 1 1 1 1 1 2 0 0
30 4 1 1 1 0 0 1 0 0
33 3 1 1 1 0 0 1 0 0
fl=/build/glibc-2.31/elf/../sysdeps/unix/sysv/linux/dl-vdso.h
fn=dl_main
40 3 1 1 2 1 1 0 0 0
41 2 0 0 0 0 0 0 0 0
55 2 0 0 0 0 0 0 0 0
fl=/build/glibc-2.31/elf/./dl-load.h
fn=_dl_map_object_from_fd
90 62 0 0 0 0 0 0 0 0
91 310 0 0 62 0 0 31 0 0
93 186 0 0 62 6 6 0 0 0
94 145 1 1 87 0 0 0 0 0
95 145 0 0 58 0 0 0 0 0
96 58 0 0 29 0 0 0 0 0
98 145 1 1 0 0 0 29 0 0
fl=/build/glibc-2.31/elf/./dl-map-segments.h
fn=_dl_map_object_from_fd
50 31 0 0 31 3 0 0 0 0
51 62 0 0 31 0 0 0 0 0
56 310 0 0 62 0 0 93 12 3
60 62 9 1 0 0 0 0 0 0
63 62 0 0 0 0 0 31 0 0
64 62 0 0 0 0 0 31 0 0
66 93 0 0 31 0 0 0 0 0
73 310 1 1 62 0 0 0 0 0
80 93 0 0 31 0 0 31 0 0
82 31 0 0 0 0 0 0 0 0
90 248 0 0 0 0 0 0 0 0
92 124 0 0 93 0 0 0 0 0
94 341 0 0 62 0 0 62 0 0
104 186 6 1 124 0 0 0 0 0
110 62 0 0 31 0 0 0 0 0
111 62 0 0 0 0 0 31 0 0
112 217 0 0 62 0 0 31 0 0
113 31 0 0 0 0 0 0 0 0
115 93 0 0 0 0 0 0 0 0
120 62 0 0 0 0 0 0 0 0
123 93 0 0 0 0 0 31 0 0
131 124 0 0 0 0 0 0 0 0
137 93 0 0 31 0 0 0 0 0
141 112 1 1 0 0 0 28 0 0
144 28 0 0 0 0 0 0 0 0
149 62 1 1 0 0 0 0 0 0
fl=/build/glibc-2.31/elf/./setup-vdso.h
fn=dl_main
24 5 1 1 2 0 0 0 0 0
fl=/build/glibc-2.31/elf/dl-cache.c
fn=???
195 30 1 1 30 24 1 0 0 0
fn=_dl_cache_libcmp
142 5298 0 0 2485 0 0 0 0 0
144 17178 0 0 2454 271 164 0 0 0
146 132 0 0 0 0 0 0 0 0
152 63 0 0 0 0 0 0 0 0
153 126 0 0 0 0 0 0 0 0
154 304 1 1 76 0 0 0 0 0
155 26 0 0 0 0 0 0 0 0
156 304 0 0 76 0 0 0 0 0
157 682 0 0 0 0 0 0 0 0
158 126 0 0 0 0 0 0 0 0
162 6 0 0 0 0 0 0 0 0
164 4776 0 0 0 0 0 0 0 0
165 3 0 0 0 0 0 0 0 0
166 4770 0 0 0 0 0 0 0 0
167 291 0 0 0 0 0 0 0 0
170 2094 0 0 0 0 0 0 0 0
171 2094 0 0 0 0 0 0 0 0
174 62 0 0 31 0 0 0 0 0
175 656 0 0 1312 0 0 0 0 0
fn=_dl_load_cache_lookup
187 120 0 0 0 0 0 270 0 0
195 120 0 0 30 0 0 0 0 0
198 150 1 1 60 19 0 0 0 0
201 6 1 1 1 0 0 0 0 0
209 5 0 0 1 0 0 0 0 0
210 5 0 0 1 0 0 0 0 0
213 1 0 0 0 0 0 1 0 0
214 2 1 1 0 0 0 1 0 0
246 58 0 0 0 0 0 0 0 0
252 180 0 0 90 0 0 0 0 0
261 30 0 0 0 0 0 0 0 0
267 240 0 0 60 0 0 60 0 0
275 330 1 1 90 0 0 120 0 0
276 240 0 0 120 0 0 0 0 0
290 7246 4 4 1207 227 103 270 0 0
306 150 0 0 60 0 0 0 0 0
307 30 0 0 30 0 0 0 0 0
310 60 0 0 0 0 0 0 0 0
318 210 1 1 30 0 0 0 0 0
319 120 0 0 0 0 0 0 0 0
320 30 0 0 0 0 0 0 0 0
321 90 0 0 270 0 0 0 0 0
fn=_dl_sort_maps
141 328 1 1 0 0 0 1312 3 0
fl=/build/glibc-2.31/elf/dl-debug.c
fn=???
46 32 1 1 0 0 0 32 1 1
fn=_dl_debug_initialize
46 96 1 1 32 10 1 0 0 0
49 32 0 0 0 0 0 0 0 0
50 64 0 0 64 0 0 0 0 0
52 0 0 0 0 0 0 0 0 0
54 127 1 0 32 0 0 0 0 0
57 2 0 0 0 0 0 1 0 0
58 3 0 0 0 0 0 1 0 0
59 6 0 0 2 0 0 2 0 0
60 2 0 0 1 0 0 0 0 0
64 64 0 0 32 0 0 0 0 0
fn=_dl_fini
74 1 0 0 0 0 0 0 0 0
fl=/build/glibc-2.31/elf/dl-deps.c
fn=_dl_build_local_scope
61 50 1 1 0 0 0 150 1 1
fn=_dl_map_object_deps
144 3 0 0 0 0 0 2 0 0
145 1 0 0 0 0 0 2 0 0
146 2 0 0 0 0 0 2 2 2
152 10 1 1 3 0 0 3 1 1
159 4 0 0 0 0 0 2 0 0
160 6 0 0 0 0 0 0 0 0
176 14 1 1 1 0 0 2 0 0
177 1 0 0 1 0 0 0 0 0
180 3 0 0 1 0 0 1 0 0
198 4 1 1 2 0 0 1 0 0
200 2 0 0 0 0 0 3 0 0
202 12 0 0 8 0 0 0 0 0
206 5 0 0 0 0 0 0 0 0
209 15 0 0 5 0 0 5 0 0
213 25 0 0 10 6 0 5 0 0
214 57 1 1 9 0 0 0 0 0
217 12 0 0 0 0 0 0 0 0
221 16 0 0 8 0 0 4 0 0
224 19 0 0 7 1 0 0 0 0
226 16 1 1 8 1 0 4 0 0
231 8 0 0 0 0 0 4 0 0
232 4 0 0 0 0 0 4 0 0
233 8 0 0 4 0 0 4 0 0
234 8 4 1 4 3 0 4 0 0
237 400 0 0 136 29 0 4 0 0
238 250 1 1 0 0 0 0 0 0
244 503 31 1 101 1 1 0 0 0
246 50 0 0 0 0 0 50 0 0
248 300 1 1 50 9 0 0 0 0
249 147 4 0 49 0 0 0 0 0
258 49 0 0 49 0 0 0 0 0
260 147 0 0 49 0 0 0 0 0
265 62 0 0 0 0 0 0 0 0
269 31 0 0 0 0 0 62 0 0
270 31 26 0 0 0 0 31 0 0
271 62 0 0 31 0 0 31 5 0
273 93 0 0 31 0 0 31 0 0
275 155 0 0 31 0 0 62 0 0
279 98 0 0 49 0 0 0 0 0
280 78 0 0 0 0 0 39 6 1
282 312 3 1 75 3 0 4 0 0
287 12 1 1 5 0 0 1 0 0
293 12 0 0 4 0 0 4 0 0
380 8 2 1 0 0 0 4 0 0
433 8 1 0 4 0 0 0 0 0
435 9 3 1 0 0 0 3 0 0
438 9 0 0 0 0 0 0 0 0
439 9 0 0 0 0 0 0 0 0
445 3 0 0 0 0 0 3 1 0
446 12 0 0 3 0 0 3 0 0
447 15 0 0 3 0 0 0 0 0
449 3 0 0 0 0 0 0 0 0
450 3 2 0 0 0 0 3 2 0
451 9 0 0 3 0 0 3 0 0
455 16 1 0 8 3 0 0 0 0
457 4 0 0 4 0 0 0 0 0
458 20 1 1 4 0 0 0 0 0
fn=openaux
61 100 0 0 0 0 0 0 0 0
64 599 0 0 250 0 0 149 8 0
65 50 0 0 50 7 0 0 0 0
69 98 0 0 147 4 0 0 0 0
159 1 1 1 0 0 0 9 0 0
fl=/build/glibc-2.31/elf/dl-environ.c
fn=_dl_discover_osversion
29 3 1 1 3 0 0 0 0 0
fn=_dl_next_ld_env_entry
28 3 0 0 0 0 0 0 0 0
32 73 0 0 36 0 0 0 0 0
34 105 0 0 35 0 0 0 0 0
35 30 1 1 10 0 0 0 0 0
37 2 0 0 0 0 0 0 0 0
40 4 0 0 0 0 0 2 0 0
42 2 0 0 0 0 0 0 0 0
49 1 0 0 0 0 0 0 0 0
fl=/build/glibc-2.31/elf/dl-error-skeleton.c
fn=_dl_catch_error
225 4 0 0 0 0 0 0 0 0
227 4 0 0 1 0 0 0 0 0
228 1 0 0 0 0 0 1 0 0
229 2 1 1 2 0 0 1 0 0
230 5 0 0 1 0 0 1 0 0
232 2 0 0 4 0 0 0 0 0
fn=_dl_catch_exception
175 204 1 1 51 1 0 102 2 2
178 204 0 0 51 0 0 102 0 0
199 102 0 0 51 0 0 51 0 0
200 102 0 0 0 0 0 51 0 0
203 102 0 0 0 0 0 51 0 0
206 255 0 0 0 0 0 0 0 0
208 102 0 0 102 0 0 0 0 0
209 200 0 0 100 28 0 50 8 0
210 150 0 0 50 7 0 150 31 0
219 150 0 0 150 28 0 0 0 0
225 1 1 1 0 0 0 4 0 0
fn=_dl_signal_cerror
175 51 32 1 0 0 0 153 0 0
fl=/build/glibc-2.31/elf/dl-hwcaps.c
fn=_dl_important_hwcaps
42 10 0 0 0 0 0 6 1 1
43 10 0 0 2 0 0 2 0 0
45 10 1 1 3 1 1 4 0 0
46 3 0 0 0 0 0 0 0 0
55 204 1 1 3 0 0 1 0 0
56 171 1 1 39 0 0 43 0 0
57 13 0 0 2 0 0 0 0 0
65 6 0 0 2 0 0 1 0 0
148 6 1 1 0 0 0 0 0 0
149 1 0 0 1 0 0 0 0 0
185 49 2 2 4 0 0 3 0 0
186 208 1 1 26 0 0 39 0 0
188 2 0 0 0 0 0 2 1 1
189 8 1 1 2 0 0 2 0 0
190 43 0 0 10 0 0 10 0 0
191 5 0 0 1 0 0 1 0 0
193 2 0 0 1 0 0 0 0 0
195 1 0 0 0 0 0 1 0 0
196 2 0 0 1 0 0 1 0 0
197 2 0 0 0 0 0 0 0 0
200 3 1 1 1 0 0 2 0 0
201 1 0 0 0 0 0 0 0 0
204 2 0 0 0 0 0 0 0 0
207 4 0 0 1 0 0 0 0 0
211 9 0 0 1 0 0 0 0 0
212 2 0 0 0 0 0 0 0 0
214 1 1 1 0 0 0 0 0 0
215 6 0 0 0 0 0 0 0 0
216 8 0 0 2 0 0 0 0 0
217 2 0 0 0 0 0 0 0 0
218 2 0 0 0 0 0 0 0 0
219 3 0 0 0 0 0 0 0 0
220 1 0 0 0 0 0 0 0 0
224 3 0 0 0 0 0 0 0 0
230 5 0 0 1 0 0 2 0 0
231 4 1 1 0 0 0 0 0 0
232 3 0 0 0 0 0 1 0 0
263 5 0 0 1 0 0 2 1 1
266 4 0 0 0 0 0 1 0 0
273 1 0 0 1 0 0 0 0 0
276 4 0 0 0 0 0 0 0 0
279 24 1 1 1 0 0 6 0 0
282 25 0 0 4 0 0 0 0 0
283 24 0 0 0 0 0 0 0 0
284 20 1 1 8 0 0 4 0 0
287 16 0 0 0 0 0 4 0 0
289 8 0 0 0 0 0 0 0 0
294 52 0 0 3 0 0 0 0 0
295 19 0 0 1 0 0 16 0 0
299 9 0 0 0 0 0 0 0 0
302 76 1 1 0 0 0 0 0 0
303 224 0 0 0 0 0 0 0 0
304 195 1 1 66 0 0 32 0 0
306 10 0 0 0 0 0 0 0 0
309 3 0 0 1 0 0 0 0 0
310 2 0 0 1 0 0 0 0 0
311 27 1 1 1 0 0 6 0 0
313 12 0 0 0 0 0 0 0 0
314 24 0 0 6 0 0 0 0 0
316 12 0 0 3 0 0 0 0 0
324 30 0 0 9 0 0 8 0 0
327 24 0 0 0 0 0 0 0 0
330 4 0 0 3 0 0 1 0 0
333 5 0 0 12 0 0 0 0 0
fn=_dl_map_object_deps
42 1 1 1 0 0 0 9 1 1
fl=/build/glibc-2.31/elf/dl-load.c
fn=_dl_dst_count
234 104 0 0 0 0 0 0 0 0
237 52 0 0 0 0 0 0 0 0
238 52 0 0 0 0 0 0 0 0
257 104 1 1 312 0 0 0 0 0
fn=_dl_dst_substitute
378 2 1 1 0 0 0 12 0 0
fn=_dl_init_paths
681 4 0 0 0 0 0 10 0 0
694 10 0 0 3 0 0 1 0 0
698 1 0 0 0 0 0 1 0 0
699 2 0 0 0 0 0 0 0 0
700 2 0 0 0 0 0 0 0 0
707 5 0 0 0 0 0 0 0 0
708 3 1 1 1 0 0 0 0 0
711 4 0 0 0 0 0 1 0 0
713 2 0 0 0 0 0 0 0 0
719 2 0 0 0 0 0 1 0 0
720 4 1 1 1 0 0 1 0 0
728 4 0 0 0 0 0 3 0 0
730 10 0 0 5 0 0 2 1 1
731 4 0 0 0 0 0 7 0 0
733 6 0 0 1 0 0 4 0 0
734 8 0 0 3 1 1 4 2 2
735 16 0 0 0 0 0 0 0 0
738 9 0 0 3 1 1 0 0 0
739 204 0 0 0 0 0 0 0 0
740 65 0 0 0 0 0 64 4 4
742 18 1 1 0 0 0 4 0 0
748 4 1 1 1 0 0 1 0 0
749 1 0 0 0 0 0 1 0 0
753 3 0 0 2 0 0 0 0 0
754 1 0 0 0 0 0 0 0 0
756 4 0 0 1 0 0 0 0 0
758 2 0 0 1 0 0 0 0 0
762 0 0 0 0 0 0 0 0 0
764 0 0 0 0 0 0 0 0 0
775 2 0 0 0 0 0 1 0 0
777 3 1 1 1 0 0 0 0 0
791 2 1 1 0 0 0 1 0 0
796 4 0 0 2 0 0 0 0 0
798 11 1 1 1 0 0 0 0 0
802 1 0 0 0 0 0 0 0 0
803 47 0 0 15 0 0 0 0 0
804 56 1 1 0 0 0 0 0 0
805 42 0 0 0 0 0 0 0 0
807 3 0 0 1 1 1 1 0 0
808 2 0 0 0 0 0 0 0 0
809 2 0 0 0 0 0 0 0 0
815 9 0 0 2 0 0 2 0 0
818 3 0 0 2 0 0 0 0 0
824 4 0 0 1 0 0 1 0 0
827 0 0 0 0 0 0 0 0 0
828 3 0 0 9 0 0 0 0 0
1927 51 2 0 0 0 0 459 0 0
fn=_dl_map_object
659 342 8 1 114 37 0 0 0 0
662 27 0 0 0 0 0 0 0 0
1927 204 1 1 51 0 0 153 10 5
1935 102 0 0 0 0 0 0 0 0
1936 255 0 0 102 24 2 0 0 0
1939 2472 0 0 756 0 0 0 0 0
1944 3620 3 1 724 190 0 0 0 0
1946 2896 0 0 0 0 0 0 0 0
1950 2115 0 0 705 0 0 0 0 0
1951 2115 0 0 705 371 0 0 0 0
1954 607 0 0 607 0 0 0 0 0
1955 1821 0 0 1214 836 0 0 0 0
1956 2428 0 0 0 0 0 0 0 0
1958 3290 3 1 102 0 0 0 0 0
1972 256 32 1 96 20 0 32 4 0
1982 96 0 0 32 1 0 0 0 0
2016 96 0 0 0 0 0 32 2 0
2018 160 0 0 0 0 0 0 0 0
2022 93 0 0 0 0 0 0 0 0
2024 155 27 1 62 0 0 0 0 0
2031 155 0 0 31 12 0 0 0 0
2035 372 3 2 93 4 0 93 0 0
2040 159 0 0 53 24 0 0 0 0
2041 62 0 0 0 0 0 0 0 0
2055 155 2 2 62 0 0 0 0 0
2056 217 0 0 93 0 0 0 0 0
2057 31 0 0 0 0 0 0 0 0
2066 155 1 1 62 41 1 0 0 0
2067 526 31 1 62 0 0 155 0 0
2073 228 1 1 3 0 0 0 0 0
2074 39 0 0 0 0 0 0 0 0
2082 60 1 1 0 0 0 30 0 0
2096 90 0 0 30 0 0 0 0 0
2098 150 0 0 60 16 0 0 0 0
2102 60 0 0 0 0 0 0 0 0
2104 90 0 0 0 0 0 0 0 0
2108 60 0 0 0 0 0 0 0 0
2116 120 0 0 30 17 0 0 0 0
2139 240 1 1 0 0 0 60 0 0
2143 60 0 0 0 0 0 0 0 0
2144 60 0 0 0 0 0 30 0 0
2161 150 30 1 60 0 0 0 0 0
2167 2 1 1 0 0 0 1 0 0
2168 3 0 0 0 0 0 0 0 0
2169 2 0 0 0 0 0 0 0 0
2170 3 0 0 0 0 0 0 0 0
2174 8 0 0 0 0 0 2 0 0
2177 2 0 0 0 0 0 0 0 0
2189 124 0 0 31 0 0 0 0 0
2191 120 0 0 0 0 0 0 0 0
2235 124 30 0 62 25 0 31 0 0
2236 434 1 1 93 0 0 186 0 0
2238 200 0 0 500 21 0 0 0 0
fn=_dl_map_object_from_fd
866 279 0 0 0 0 0 124 1 1
876 124 31 1 31 0 0 31 0 0
877 93 0 0 0 0 0 31 0 0
883 124 0 0 31 0 0 31 0 0
901 1271 0 0 620 207 1 0 0 0
902 1581 0 0 527 153 0 0 0 0
920 93 2 1 31 0 0 0 0 0
944 124 5 1 31 0 0 31 1 0
954 155 0 0 62 12 0 0 0 0
961 124 0 0 62 0 0 0 0 0
994 62 0 0 0 0 0 0 0 0
997 279 1 1 155 0 0 62 4 0
998 93 0 0 0 0 0 0 0 0
1009 62 0 0 31 0 0 31 5 5
1010 93 0 0 31 0 0 31 0 0
1011 93 0 0 62 0 0 31 0 0
1013 31 0 0 0 0 0 0 0 0
1014 155 0 0 62 0 0 0 0 0
1015 93 0 0 0 0 0 31 0 0
1030 124 0 0 0 0 0 62 0 0
1032 62 31 1 0 0 0 0 0 0
1034 155 0 0 31 0 0 0 0 0
1035 31 0 0 0 0 0 0 0 0
1036 62 0 0 0 0 0 31 0 0
1042 1019 0 0 247 0 0 0 0 0
1043 1834 32 2 346 26 0 0 0 0
1049 93 1 1 31 0 0 0 0 0
1054 62 0 0 31 0 0 31 0 0
1055 93 1 1 31 1 0 31 0 0
1060 4 0 0 2 0 0 2 0 0
1066 434 0 0 186 0 0 62 0 0
1071 372 0 0 124 0 0 0 0 0
1079 186 0 0 62 0 0 0 0 0
1080 186 62 2 31 0 0 62 10 1
1081 496 0 0 124 0 0 62 0 0
1082 62 0 0 0 0 0 62 0 0
1083 248 0 0 62 0 0 62 0 0
1084 248 0 0 62 0 0 124 0 0
1088 186 0 0 62 0 0 0 0 0
1089 155 0 0 31 0 0 31 0 0
1093 186 1 1 62 0 0 62 0 0
1094 465 0 0 124 0 0 31 0 0
1107 6 1 1 2 0 0 0 0 0
1111 2 0 0 0 0 0 2 1 1
1112 4 0 0 2 0 0 2 0 0
1113 4 0 0 2 0 0 0 0 0
1116 6 0 0 0 0 0 2 0 0
1117 4 0 0 2 0 0 2 0 0
1120 2 0 0 0 0 0 2 0 0
1125 8 0 0 2 0 0 0 0 0
1126 124 0 0 62 2 0 31 0 0
1132 93 0 0 31 0 0 31 0 0
1140 62 0 0 31 0 0 31 0 0
1144 62 0 0 31 0 0 31 8 8
1145 62 0 0 31 0 0 31 0 0
1157 62 0 0 0 0 0 0 0 0
1170 93 0 0 31 0 0 0 0 0
1180 186 2 1 62 0 0 0 0 0
1188 31 0 0 0 0 0 0 0 0
1192 124 0 0 31 0 0 0 0 0
1201 93 0 0 31 0 0 31 0 0
1208 124 0 0 31 0 0 0 0 0
1210 155 0 0 31 0 0 0 0 0
1229 93 2 2 31 0 0 0 0 0
1248 93 0 0 31 0 0 31 0 0
1250 217 0 0 93 22 0 0 0 0
1298 62 0 0 31 2 2 0 0 0
1299 6 0 0 2 0 0 2 0 0
1302 124 0 0 0 0 0 0 0 0
1311 93 1 1 31 0 0 0 0 0
1313 124 0 0 62 0 0 31 0 0
1315 155 0 0 62 0 0 0 0 0
1331 62 0 0 0 0 0 0 0 0
1335 93 0 0 31 0 0 0 0 0
1336 93 0 0 31 0 0 0 0 0
1337 25 1 1 10 0 0 0 0 0
1341 10 1 1 5 0 0 5 0 0
1342 10 0 0 0 0 0 5 0 0
1345 15 0 0 0 0 0 0 0 0
1346 10 0 0 5 0 0 0 0 0
1349 20 0 0 5 0 0 5 0 0
1353 93 0 0 31 0 0 0 0 0
1354 6 1 1 2 0 0 2 1 0
1357 124 0 0 124 0 0 124 0 0
1362 93 0 0 31 0 0 0 0 0
1372 155 0 0 62 0 0 0 0 0
1381 62 0 0 31 0 0 0 0 0
1382 8 0 0 2 0 0 0 0 0
1387 4 0 0 0 0 0 2 0 0
1394 93 1 1 31 0 0 0 0 0
1398 155 0 0 62 4 0 0 0 0
1417 155 0 0 341 2 0 0 0 0
fn=add_name_to_object.isra.0
866 31 31 1 0 0 0 279 0 0
fn=add_path.isra.0.constprop.0
1466 77 1 1 0 0 0 693 7 1
fn=cache_rpath.part.0
654 18 0 0 0 0 0 24 0 0
665 12 0 0 6 1 0 0 0 0
668 12 0 0 0 0 0 6 0 0
669 6 0 0 0 0 0 0 0 0
673 0 0 0 0 0 0 0 0 0
674 0 0 0 0 0 0 0 0 0
676 12 0 0 24 0 0 0 0 0
694 1 1 1 1 1 1 0 0 0
fn=decompose_rpath.isra.0
665 6 1 1 0 0 0 0 0 0
fn=expand_dynamic_string_token
378 4 0 0 0 0 0 0 0 0
388 4 0 0 0 0 0 0 0 0
391 2 0 0 0 0 0 0 0 0
392 4 1 1 0 0 0 0 0 0
403 2 0 0 12 0 0 0 0 0
447 1 1 1 0 0 0 9 0 0
fn=fillin_rpath
447 5 0 0 0 0 0 3 0 0
449 1 0 0 0 0 0 0 0 0
451 12 0 0 0 0 0 0 0 0
458 3 0 0 1 0 0 0 0 0
460 3 0 0 1 0 0 0 0 0
464 3 0 0 0 0 0 0 0 0
469 1 0 0 0 0 0 0 0 0
470 3 0 0 0 0 0 0 0 0
477 6 1 1 1 0 0 0 0 0
482 5 1 1 0 0 0 1 0 0
486 19 0 0 7 1 1 1 0 0
487 12 0 0 4 0 0 0 0 0
505 3 1 1 1 0 0 1 0 0
509 15 0 0 4 0 0 4 0 0
511 4 0 0 2 0 0 0 0 0
515 2 0 0 0 0 0 2 0 0
516 1 0 0 0 0 0 0 0 0
517 5 1 1 0 0 0 1 0 0
518 2 0 0 0 0 0 1 1 1
520 7 1 1 4 0 0 1 0 0
521 3 0 0 0 0 0 0 0 0
526 5 0 0 1 0 0 0 0 0
527 50 0 0 0 0 0 0 0 0
528 16 0 0 0 0 0 16 0 0
530 2 0 0 1 0 0 1 0 0
531 2 0 0 1 0 0 0 0 0
532 0 0 0 0 0 0 0 0 0
533 0 0 0 0 0 0 0 0 0
536 3 1 0 1 0 0 1 0 0
538 1 0 0 0 0 0 1 0 0
539 4 0 0 1 0 0 1 0 0
542 3 1 1 1 0 0 1 0 0
544 2 0 0 0 0 0 0 0 0
548 2 0 0 1 0 0 1 0 0
551 3 0 0 9 0 0 0 0 0
fn=open_path
231 52 1 1 0 0 0 312 7 0
1437 93 0 0 31 0 0 31 0 0
1443 124 0 0 62 25 0 31 0 0
1779 155 0 0 0 0 0 155 25 2
1780 31 0 0 31 0 0 0 0 0
1783 31 0 0 0 0 0 31 0 0
1784 155 1 1 0 0 0 31 0 0
1786 62 0 0 0 0 0 0 0 0
1789 30 0 0 0 0 0 0 0 0
1791 496 0 0 155 37 1 31 3 0
1798 31 0 0 0 0 0 0 0 0
1803 155 1 1 62 0 0 0 0 0
1810 186 0 0 93 27 0 0 0 0
1811 3807 1 1 1053 0 0 16 0 0
1814 1488 0 0 496 0 0 0 0 0
1818 476 0 0 169 9 0 0 0 0
1821 92 0 0 0 0 0 46 0 0
1824 200 1 1 77 0 0 0 0 0
1827 413 0 0 184 0 0 92 0 0
1829 135 0 0 45 0 0 0 0 0
1831 32 0 0 0 0 0 0 0 0
1836 32 1 1 16 0 0 0 0 0
1837 176 1 1 64 0 0 0 0 0
1843 112 0 0 16 0 0 16 0 0
1845 80 0 0 0 0 0 0 0 0
1846 2 0 0 1 0 0 0 0 0
1848 67 1 1 16 0 0 0 0 0
1855 87 0 0 0 0 0 0 0 0
1857 58 0 0 0 0 0 0 0 0
1858 93 0 0 31 0 0 31 0 0
1896 240 1 1 60 0 0 0 0 0
1901 90 0 0 30 0 0 30 0 0
1903 180 0 0 60 0 0 60 0 0
1906 60 0 0 0 0 0 0 0 0
1920 150 0 0 330 0 0 0 0 0
fn=open_verify.isra.0.constprop.0
1466 616 0 0 77 0 0 154 4 0
1505 539 1 1 154 20 1 0 0 0
1518 45 0 0 0 0 0 0 0 0
1536 307 0 0 0 0 0 0 0 0
1538 152 0 0 0 0 0 0 0 0
1543 62 0 0 0 0 0 0 0 0
1549 124 1 1 31 0 0 31 0 0
1550 124 0 0 0 0 0 62 3 0
1555 155 0 0 31 0 0 0 0 0
1557 93 0 0 31 0 0 0 0 0
1559 62 0 0 0 0 0 31 0 0
1561 93 0 0 0 0 0 0 0 0
1567 62 0 0 0 0 0 0 0 0
1583 893 10 2 171 11 1 0 0 0
1613 54 27 1 27 0 0 0 0 0
1657 93 1 1 31 0 0 0 0 0
1662 93 0 0 31 0 0 0 0 0
1664 155 0 0 31 0 0 0 0 0
1670 93 0 0 31 6 0 0 0 0
1676 62 0 0 31 0 0 0 0 0
1677 124 0 0 31 0 0 0 0 0
1678 62 0 0 31 0 0 0 0 0
1698 936 0 0 0 0 0 0 0 0
1699 714 0 0 238 36 4 0 0 0
1700 124 0 0 31 4 1 0 0 0
1704 155 0 0 62 0 0 0 0 0
1705 93 5 1 31 0 0 0 0 0
1729 334 36 2 31 21 1 0 0 0
1731 31 0 0 0 0 0 0 0 0
1732 310 0 0 93 0 0 0 0 0
1735 93 0 0 0 0 0 0 0 0
1740 4 0 0 0 0 0 0 0 0
1741 4 0 0 0 0 0 0 0 0
1744 8 0 0 0 0 0 0 0 0
1747 8 0 0 4 0 0 0 0 0
1748 8 0 0 4 0 0 0 0 0
1749 4 0 0 4 0 0 0 0 0
1750 8 0 0 4 0 0 0 0 0
1751 28 4 1 8 0 0 0 0 0
1754 0 0 0 0 0 0 0 0 0
1756 0 0 0 0 0 0 0 0 0
1761 62 1 1 0 0 0 0 0 0
1765 380 0 0 760 0 0 0 0 0
1779 31 1 1 0 0 0 279 0 0
fl=/build/glibc-2.31/elf/dl-lookup.c
fn=_dl_lookup_symbol_x
961 33 3 1 0 0 0 132 0 0
fn=_dl_setup_hash
964 66 0 0 33 0 0 0 0 0
966 33 0 0 33 0 0 0 0 0
968 66 0 0 33 33 33 33 0 0
969 33 0 0 66 21 21 0 0 0
972 99 0 0 0 0 0 0 0 0
973 33 0 0 0 0 0 33 0 0
974 99 1 1 33 1 1 33 0 0
976 33 0 0 0 0 0 33 0 0
977 33 0 0 0 0 0 0 0 0
981 99 0 0 0 0 0 66 0 0
999 33 0 0 132 0 0 0 0 0
fl=/build/glibc-2.31/elf/dl-minimal.c
fn=???
109 32 0 0 0 0 0 128 0 0
fn=__sigjmp_save
139 51 0 0 0 0 0 0 0 0
140 51 1 1 0 0 0 51 26 2
142 102 0 0 0 0 0 0 0 0
fn=_itoa
262 2 1 1 0 0 0 12 0 0
fn=calloc
92 32 0 0 0 0 0 128 1 0
96 32 0 0 0 0 0 0 0 0
100 256 0 0 0 0 0 0 0 0
103 64 1 1 0 0 0 0 0 0
104 32 0 0 128 0 0 0 0 0
fn=free
111 160 0 0 64 18 0 0 0 0
118 32 0 0 128 0 0 0 0 0
140 51 0 0 0 0 0 0 0 0
fn=malloc
49 309 0 0 0 0 0 412 0 0
50 514 0 0 205 0 0 0 0 0
55 4 0 0 1 0 0 1 0 0
56 5 1 1 2 0 0 0 0 0
57 2 0 0 0 0 0 0 0 0
61 412 1 1 103 0 0 103 0 0
62 103 0 0 0 0 0 0 0 0
64 609 0 0 0 0 0 0 0 0
69 18 0 0 6 0 0 0 0 0
70 24 0 0 0 0 0 0 0 0
72 3 0 0 0 0 0 0 0 0
73 21 0 0 0 0 0 6 0 0
75 6 0 0 0 0 0 0 0 0
77 12 0 0 6 0 0 0 0 0
79 24 0 0 5 0 0 3 0 0
82 206 0 0 103 0 0 0 0 0
83 103 0 0 0 0 0 206 0 0
85 309 0 0 412 0 0 0 0 0
99 32 1 1 0 0 0 0 0 0
fn=strsep
265 4 0 0 2 1 1 0 0 0
267 2 0 0 2 0 0 0 0 0
268 2 0 0 0 0 0 0 0 0
272 89 0 0 15 0 0 0 0 0
277 56 0 0 0 0 0 0 0 0
279 56 0 0 28 0 0 0 0 0
290 1 0 0 0 0 0 1 0 0
294 4 0 0 12 0 0 0 0 0
fn=unsetenv
50 103 1 1 103 24 0 0 0 0
fl=/build/glibc-2.31/elf/dl-misc.c
fn=???
282 724 1 1 0 0 0 2896 2 2
fn=_dl_debug_vdprintf
44 1 1 1 0 0 0 4 1 1
fn=_dl_name_match_p
282 1448 0 0 0 0 0 0 0 0
283 2172 0 0 724 188 0 0 0 0
284 19 0 0 0 0 0 0 0 0
286 724 0 0 724 99 0 0 0 0
288 1480 0 0 0 0 0 0 0 0
289 3875 0 0 775 289 0 0 0 0
292 756 0 0 756 20 0 0 0 0
294 705 0 0 0 0 0 0 0 0
295 724 0 0 2896 0 0 0 0 0
fn=_dl_sysdep_read_whole_file
44 3 0 0 0 0 0 0 0 0
45 2 0 0 0 0 0 0 0 0
47 2 1 1 0 0 0 0 0 0
48 2 0 0 0 0 0 0 0 0
50 6 0 0 0 0 0 0 0 0
52 2 0 0 1 0 0 1 0 0
55 1 0 0 0 0 0 0 0 0
57 8 1 1 0 0 0 2 0 0
68 2 0 0 0 0 0 0 0 0
71 3 0 0 4 0 0 0 0 0
fl=/build/glibc-2.31/elf/dl-object.c
fn=_dl_add_to_namespace_list
31 64 0 0 0 0 0 0 0 0
33 160 0 0 64 14 0 0 0 0
35 128 0 0 32 0 0 0 0 0
38 2108 0 0 527 36 0 0 0 0
40 31 0 0 0 0 0 31 0 0
42 31 0 0 0 0 0 31 0 0
45 2 0 0 0 0 0 1 0 0
46 224 0 0 64 0 0 32 0 0
47 96 0 0 64 0 0 64 0 0
48 96 0 0 0 0 0 64 0 0
50 128 0 0 32 0 0 0 0 0
51 32 0 0 192 0 0 0 0 0
59 32 6 1 0 0 0 288 3 1
fn=_dl_new_object
59 128 0 0 0 0 0 0 0 0
62 128 32 1 32 0 0 32 1 0
64 1 1 1 0 0 0 0 0 0
65 2 0 0 1 0 0 0 0 0
69 6 0 0 2 1 1 0 0 0
74 2 0 0 0 0 0 0 0 0
77 341 0 0 62 18 0 0 0 0
89 96 0 0 0 0 0 32 0 0
92 96 0 0 0 0 0 0 0 0
95 32 32 1 0 0 0 32 17 15
96 96 0 0 0 0 0 32 32 32
99 32 0 0 0 0 0 32 6 6
100 32 0 0 0 0 0 0 0 0
101 160 0 0 32 0 0 32 2 2
103 64 0 0 0 0 0 32 2 2
116 320 0 0 64 1 0 0 0 0
122 32 0 0 0 0 0 0 0 0
124 96 0 0 32 27 27 32 0 0
127 160 0 0 64 2 2 32 0 0
128 96 0 0 0 0 0 32 32 32
129 32 5 1 0 0 0 32 0 0
133 64 0 0 32 0 0 32 0 0
136 82 1 1 1 0 0 0 0 0
138 16 0 0 0 0 0 16 2 2
146 64 0 0 0 0 0 32 0 0
147 64 0 0 0 0 0 32 18 18
152 256 26 0 96 0 0 0 0 0
154 93 0 0 0 0 0 31 0 0
157 190 32 1 31 0 0 0 0 0
161 208 0 0 52 21 0 0 0 0
165 155 30 0 0 0 0 0 0 0
167 1 1 1 0 0 0 0 0 0
173 1 0 0 0 0 0 1 0 0
176 64 30 0 0 0 0 32 0 0
186 96 0 0 0 0 0 32 0 0
188 155 0 0 0 0 0 31 0 0
192 93 0 0 31 0 0 0 0 0
196 62 0 0 0 0 0 0 0 0
197 93 0 0 0 0 0 0 0 0
242 93 31 1 31 0 0 0 0 0
247 588 0 0 0 0 0 0 0 0
248 1764 0 0 588 0 0 0 0 0
250 93 0 0 0 0 0 0 0 0
253 62 0 0 0 0 0 31 0 0
256 31 0 0 0 0 0 31 0 0
260 96 0 0 288 0 0 0 0 0
fn=_dl_setup_hash
31 32 6 1 0 0 0 192 0 0
fl=/build/glibc-2.31/elf/dl-tls.c
fn=_dl_count_modids
113 3 0 0 1 0 0 0 0 0
114 1 1 0 1 0 0 0 0 0
129 1 0 0 0 0 0 0 0 0
fn=_dl_next_tls_modid
48 4 0 0 0 0 0 8 0 0
51 8 0 0 4 0 0 0 0 0
99 6 0 0 2 0 0 2 0 0
103 2 0 0 8 0 0 0 0 0
113 1 1 1 1 1 1 0 0 0
fn=tls_get_addr_tail.isra.0
51 2 1 1 2 2 0 0 0 0
fl=/build/glibc-2.31/elf/dl-tunables.c
fn=__GI___tunables_init
67 252 0 0 36 0 0 0 0 0
70 35 0 0 0 0 0 0 0 0
73 2389 1 1 369 17 17 0 0 0
77 70 0 0 0 0 0 0 0 0
82 210 0 0 35 0 0 35 0 0
215 3 0 0 1 0 0 1 0 0
222 3 0 0 1 0 0 1 0 0
278 4 1 1 1 0 0 0 0 0
287 3 0 0 0 0 0 9 0 0
310 2835 1 1 0 0 0 0 0 0
316 2800 0 0 1400 0 0 0 0 0
328 213 0 0 106 0 0 1 1 1
362 2 1 1 9 0 0 0 0 0
368 31 3 0 0 0 0 62 7 0
fn=__tunable_get_val
371 248 9 1 93 78 1 0 0 0
375 186 7 1 93 0 0 62 0 0
376 31 0 0 0 0 0 0 0 0
397 341 0 0 62 17 0 0 0 0
399 62 0 0 62 0 0 0 0 0
fn=__tunable_set_val
278 1 1 1 1 1 1 0 0 0
fl=/build/glibc-2.31/elf/dl-tunables.h
fn=__GI___tunables_init
119 3065 0 0 690 8 8 0 0 0
120 2035 1 1 0 0 0 0 0 0
fl=/build/glibc-2.31/elf/do-rel.h
fn=_dl_start
83 2 0 0 1 0 0 0 0 0
84 3 0 0 2 0 0 0 0 0
111 98 0 0 0 0 0 0 0 0
112 45 0 0 45 7 7 0 0 0
116 5 0 0 2 0 0 0 0 0
124 39 1 1 0 0 0 0 0 0
136 12 0 0 0 0 0 0 0 0
139 24 0 0 24 1 1 0 0 0
fl=/build/glibc-2.31/elf/get-dynamic-info.h
fn=_dl_map_object_from_fd
42 62 1 1 0 0 0 0 0 0
46 31 0 0 0 0 0 0 0 0
48 3309 0 0 1103 166 166 0 0 0
50 2144 0 0 0 0 0 0 0 0
63 616 0 0 0 0 0 0 0 0
64 647 0 0 0 0 0 164 40 40
65 93 0 0 0 0 0 0 0 0
66 62 0 0 0 0 0 0 0 0
67 31 0 0 0 0 0 0 0 0
68 155 0 0 0 0 0 0 0 0
69 124 0 0 0 0 0 0 0 0
70 31 0 0 0 0 0 0 0 0
71 155 0 0 0 0 0 0 0 0
72 93 0 0 0 0 0 0 0 0
73 908 1 1 0 0 0 908 58 58
81 62 0 0 0 0 0 0 0 0
101 74 1 1 35 0 0 4 0 0
102 155 0 0 62 0 0 31 0 0
103 155 0 0 62 0 0 31 0 0
104 155 0 0 62 0 0 31 0 0
106 62 0 0 31 0 0 0 0 0
109 155 1 1 62 0 0 31 0 0
111 155 0 0 62 0 0 31 0 0
112 152 0 0 61 0 0 30 0 0
113 217 0 0 62 0 0 31 0 0
118 62 0 0 31 0 0 0 0 0
125 155 0 0 31 0 0 0 0 0
130 62 0 0 31 0 0 0 0 0
131 0 0 0 0 0 0 0 0 0
134 62 0 0 31 0 0 0 0 0
135 124 0 0 62 0 0 0 0 0
149 62 1 1 31 0 0 0 0 0
154 40 0 0 20 0 0 20 6 6
156 20 0 0 0 0 0 0 0 0
157 40 0 0 0 0 0 5 0 0
158 20 0 0 0 0 0 0 0 0
159 40 0 0 0 0 0 0 0 0
160 20 0 0 0 0 0 0 0 0
161 40 0 0 0 0 0 17 0 0
163 93 0 0 31 0 0 0 0 0
165 38 0 0 19 0 0 19 0 0
166 19 0 0 0 0 0 0 0 0
167 57 0 0 0 0 0 3 0 0
175 95 1 1 38 15 1 0 0 0
180 19 0 0 0 0 0 0 0 0
181 57 0 0 17 0 0 17 0 0
183 62 0 0 31 0 0 0 0 0
185 0 0 0 0 0 0 0 0 0
fn=_dl_start
48 42 0 0 19 3 3 0 0 0
50 36 0 0 0 0 0 0 0 0
51 52 0 0 13 0 0 13 2 2
63 20 0 0 0 0 0 0 0 0
64 16 1 1 1 0 0 4 1 1
65 3 1 1 0 0 0 0 0 0
66 2 0 0 0 0 0 0 0 0
67 4 0 0 1 0 0 0 0 0
68 5 1 1 0 0 0 0 0 0
70 3 0 0 1 0 0 0 0 0
71 4 1 1 0 0 0 0 0 0
72 4 0 0 0 0 0 0 0 0
73 5 0 0 1 1 1 1 1 1
81 2 0 0 0 0 0 0 0 0
101 7 1 1 3 0 0 1 0 0
102 7 0 0 3 0 0 1 0 0
103 7 0 0 3 0 0 1 0 0
104 7 1 1 3 0 0 1 0 0
109 7 0 0 3 0 0 1 0 0
111 7 0 0 3 0 0 1 0 0
112 7 0 0 3 0 0 1 0 0
113 7 1 1 3 0 0 1 0 0
118 4 0 0 2 0 0 0 0 0
121 3 0 0 1 0 0 0 0 0
134 4 0 0 2 0 0 0 0 0
135 4 0 0 2 0 0 0 0 0
139 4 1 1 2 0 0 0 0 0
142 4 0 0 2 1 1 0 0 0
146 5 0 0 2 0 0 0 0 0
147 3 0 0 1 0 0 0 0 0
fn=dl_main
33 1 0 0 1 0 0 0 0 0
42 2 0 0 0 0 0 0 0 0
46 1 0 0 0 0 0 0 0 0
48 108 0 0 36 6 6 0 0 0
50 70 0 0 0 0 0 0 0 0
63 30 0 0 0 0 0 0 0 0
64 20 0 0 0 0 0 5 1 1
65 3 0 0 0 0 0 0 0 0
66 2 0 0 0 0 0 0 0 0
67 1 0 0 0 0 0 0 0 0
68 5 1 1 0 0 0 0 0 0
69 4 0 0 0 0 0 0 0 0
70 1 0 0 0 0 0 0 0 0
71 5 0 0 0 0 0 0 0 0
72 3 0 0 0 0 0 0 0 0
73 30 1 1 0 0 0 30 2 2
81 3 0 0 1 0 0 0 0 0
101 2 0 0 1 0 0 0 0 0
102 5 1 1 2 0 0 1 0 0
103 5 0 0 2 0 0 1 0 0
104 5 0 0 2 0 0 1 0 0
106 2 0 0 1 0 0 0 0 0
109 5 0 0 2 0 0 1 0 0
111 5 1 1 2 0 0 1 0 0
112 5 0 0 2 0 0 1 0 0
113 5 0 0 2 0 0 1 0 0
118 2 0 0 1 0 0 0 0 0
125 5 0 0 1 0 0 0 0 0
130 2 0 0 1 0 0 0 0 0
131 0 0 0 0 0 0 0 0 0
134 2 1 1 1 0 0 0 0 0
135 4 0 0 2 0 0 0 0 0
149 2 0 0 1 0 0 0 0 0
154 2 0 0 1 0 0 1 0 0
156 1 0 0 0 0 0 0 0 0
157 2 0 0 0 0 0 0 0 0
158 1 0 0 0 0 0 0 0 0
159 2 0 0 0 0 0 0 0 0
160 1 0 0 0 0 0 0 0 0
161 2 0 0 0 0 0 1 0 0
163 2 0 0 1 0 0 0 0 0
165 2 1 1 1 0 0 1 0 0
166 1 0 0 0 0 0 0 0 0
167 3 0 0 0 0 0 0 0 0
175 5 0 0 2 0 0 0 0 0
180 1 0 0 0 0 0 0 0 0
181 3 0 0 1 0 0 1 0 0
183 2 0 0 1 0 0 0 0 0
185 0 0 0 0 0 0 0 0 0
fl=/build/glibc-2.31/elf/rtld.c
fn=???
802 32 10 0 32 22 1 0 0 0
fn=_dl_start
430 3 0 0 0 0 0 0 0 0
431 1 0 0 0 0 0 1 0 0
432 3 0 0 1 0 0 1 0 0
433 3 0 0 1 0 0 1 0 0
434 3 0 0 1 0 0 1 1 1
443 3 0 0 1 0 0 1 0 0
449 4 0 0 2 0 0 0 0 0
463 5 0 0 0 0 0 10 2 2
504 3 0 0 1 0 0 1 0 0
507 3 0 0 1 0 0 1 1 1
518 2 1 1 0 0 0 0 0 0
523 27 1 1 11 0 0 0 0 0
525 5 0 0 2 1 1 1 0 0
858 1 1 1 0 0 0 9 0 0
fn=dl_main
1090 9 0 0 1 0 0 5 1 1
1096 2 0 0 0 0 0 0 0 0
1099 2 0 0 0 0 0 1 0 0
1102 5 0 0 2 0 0 1 0 0
1106 3 1 1 1 0 0 1 1 1
1107 3 0 0 1 0 0 1 0 0
1112 3 0 0 1 0 0 1 0 0
1122 6 0 0 3 0 0 0 0 0
1330 10 2 2 1 1 1 2 0 0
1332 3 0 0 0 0 0 0 0 0
1333 1 0 0 0 0 0 1 0 0
1334 2 0 0 1 0 0 1 0 0
1335 3 0 0 2 0 0 1 0 0
1339 2 0 0 0 0 0 0 0 0
1340 5 0 0 2 0 0 0 0 0
1361 2 0 0 0 0 0 1 0 0
1362 1 0 0 0 0 0 1 0 0
1364 2 0 0 0 0 0 1 0 0
1366 3 1 1 1 0 0 1 0 0
1369 36 1 1 10 0 0 0 0 0
1370 71 0 0 15 5 4 0 0 0
1374 4 1 1 1 0 0 1 0 0
1379 5 0 0 2 0 0 1 0 0
1388 5 0 0 2 0 0 2 0 0
1389 3 0 0 2 0 0 0 0 0
1391 8 1 1 2 1 1 3 0 0
1398 4 1 1 2 0 0 0 0 0
1410 5 0 0 1 0 0 1 0 0
1412 3 0 0 0 0 0 1 0 0
1416 1 0 0 0 0 0 0 0 0
1424 4 0 0 2 0 0 0 0 0
1425 13 2 2 6 0 0 1 0 0
1426 4 0 0 2 0 0 0 0 0
1427 4 0 0 0 0 0 1 0 0
1430 6 0 0 2 1 1 0 0 0
1431 4 0 0 2 0 0 0 0 0
1432 4 0 0 0 0 0 2 0 0
1433 13 0 0 3 0 0 2 0 0
1434 3 0 0 0 0 0 2 0 0
1456 3 0 0 1 0 0 1 0 0
1461 9 2 2 3 0 0 4 0 0
1465 2 0 0 1 0 0 1 0 0
1466 2 0 0 1 1 1 1 0 0
1478 2 0 0 1 0 0 0 0 0
1480 0 0 0 0 0 0 0 0 0
1481 2 0 0 1 0 0 0 0 0
1482 0 0 0 0 0 0 0 0 0
1483 3 0 0 1 0 0 0 0 0
1485 5 1 1 2 0 0 0 0 0
1498 4 0 0 2 0 0 0 0 0
1499 5 0 0 2 0 0 0 0 0
1500 1 0 0 1 0 0 0 0 0
1501 3 0 0 2 0 0 0 0 0
1504 3 0 0 1 0 0 1 0 0
1506 2 0 0 0 0 0 1 1 1
1507 2 0 0 0 0 0 1 0 0
1509 3 0 0 1 0 0 0 0 0
1510 2 1 1 0 0 0 1 0 0
1514 5 0 0 2 0 0 0 0 0
1516 3 0 0 1 0 0 0 0 0
1521 2 0 0 0 0 0 0 0 0
1524 3 0 0 1 0 0 0 0 0
1549 13 1 1 2 0 0 1 0 0
1554 4 2 2 2 1 1 0 0 0
1557 6 0 0 2 0 0 1 0 0
1559 2 0 0 0 0 0 1 0 0
1564 3 0 0 1 0 0 0 0 0
1567 4 0 0 2 0 0 1 0 0
1568 6 1 1 2 0 0 1 0 0
1569 2 0 0 0 0 0 1 0 0
1570 1 0 0 0 0 0 1 0 0
1571 3 0 0 1 0 0 1 0 0
1572 6 0 0 2 0 0 2 0 0
1577 5 0 0 2 0 0 0 0 0
1578 6 1 1 1 0 0 1 0 0
1595 5 0 0 2 1 1 0 0 0
1596 3 1 1 1 0 0 0 0 0
1598 3 0 0 1 0 0 0 0 0
1600 3 0 0 1 0 0 1 0 0
1601 2 0 0 1 0 0 1 0 0
1606 4 0 0 0 0 0 0 0 0
1607 8 0 0 1 1 1 0 0 0
1609 4 1 1 2 1 1 1 1 1
1610 2 0 0 1 1 1 1 0 0
1611 1 0 0 0 0 0 0 0 0
1615 5 1 1 2 0 0 0 0 0
1620 2 0 0 0 0 0 1 0 0
1621 5 0 0 2 0 0 0 0 0
1622 7 0 0 4 1 1 1 0 0
1640 2 0 0 0 0 0 1 0 0
1648 2 0 0 1 0 0 0 0 0
1651 2 0 0 1 0 0 1 0 0
1655 4 1 1 2 0 0 0 0 0
1656 0 0 0 0 0 0 0 0 0
1660 3 0 0 1 0 0 1 0 0
1661 1 0 0 0 0 0 0 0 0
1662 1 0 0 0 0 0 0 0 0
1666 5 0 0 2 0 0 0 0 0
1682 4 0 0 2 0 0 0 0 0
1684 1 0 0 0 0 0 0 0 0
1686 5 1 1 2 0 0 0 0 0
1690 6 2 2 1 1 1 0 0 0
1694 5 0 0 2 1 0 0 0 0
1709 7 0 0 1 0 0 0 0 0
1785 4 0 0 2 0 0 0 0 0
1789 7 2 2 0 0 0 0 0 0
1790 2 0 0 0 0 0 0 0 0
1793 2 0 0 0 0 0 1 0 0
1794 1 0 0 1 0 0 0 0 0
1795 2 0 0 0 0 0 0 0 0
1796 2 0 0 0 0 0 0 0 0
1805 10 1 1 1 0 0 1 0 0
2533 5 0 0 2 1 1 1 0 0
2535 1 0 0 0 0 0 1 0 0
2536 1 0 0 0 0 0 0 0 0
2540 11 0 0 4 0 0 1 0 0
2542 15 0 0 0 0 0 0 0 0
2546 111 1 1 21 0 0 0 0 0
2547 19 0 0 0 0 0 0 0 0
2549 4 0 0 0 0 0 0 0 0
2555 14 0 0 2 2 1 0 0 0
2576 7 2 2 1 1 1 0 0 0
2583 7 0 0 1 0 0 0 0 0
2585 4 0 0 1 0 0 1 0 0
2586 1 0 0 0 0 0 0 0 0
2631 5 2 2 2 1 1 0 0 0
2632 7 0 0 1 0 0 0 0 0
2634 4 0 0 1 0 0 1 0 0
2635 1 0 0 0 0 0 0 0 0
2674 3 0 0 1 1 1 0 0 0
2677 2 0 0 1 0 0 0 0 0
2685 3 1 1 1 0 0 0 0 0
2704 6 1 0 2 0 0 0 0 0
2736 7 1 1 2 0 0 0 0 0
fn=do_preload
606 1 1 0 0 0 0 3 1 1
768 5 1 1 0 0 0 0 0 0
770 2 0 0 0 0 0 1 0 0
774 1 0 0 0 0 0 2 0 0
776 2 0 0 0 0 0 1 0 0
778 3 0 0 2 1 1 0 0 0
780 8 0 0 1 0 0 1 0 0
781 2 0 0 1 0 0 0 0 0
789 4 0 0 1 0 0 0 0 0
795 2 0 0 6 0 0 0 0 0
fn=dso_name_valid_for_suid
167 2 0 0 0 0 0 2 0 0
168 3 0 0 1 0 0 0 0 0
176 4 0 0 1 0 0 0 0 0
177 1 1 0 2 0 0 0 0 0
fn=handle_preload_list
858 2 0 0 0 0 0 0 0 0
859 3 0 0 0 0 0 0 0 0
863 4 1 0 2 1 0 0 0 0
866 8 1 1 1 1 0 0 0 0
867 5 0 0 0 0 0 0 0 0
869 4 0 0 0 0 0 1 0 0
870 3 0 0 1 0 0 1 0 0
873 3 0 0 0 0 0 0 0 0
876 1 0 0 0 0 0 0 0 0
877 5 0 0 1 0 0 0 0 0
880 1 0 0 0 0 0 0 0 0
881 6 1 0 0 0 0 0 0 0
884 4 1 0 9 0 0 0 0 0
1090 1 1 1 0 0 0 9 0 0
fn=map_doit
606 2 0 0 0 0 0 0 0 0
608 1 0 0 1 0 0 0 0 0
609 10 1 1 2 0 0 3 0 0
611 2 0 0 3 0 0 0 0 0
fn=print_missing_version
768 1 1 1 0 0 0 6 0 0
fn=process_dl_debug
168 1 1 1 1 1 1 0 0 0
fn=rtld_lock_default_lock_recursive
802 64 0 0 0 0 0 32 0 0
803 32 0 0 0 0 0 0 0 0
808 32 0 0 32 0 0 0 0 0
fn=rtld_lock_default_unlock_recursive
808 64 0 0 0 0 0 32 0 0
809 32 0 0 0 0 0 0 0 0
fn=version_check_doit
463 1 1 1 1 1 1 0 0 0
fl=/build/glibc-2.31/io/../sysdeps/unix/sysv/linux/access.c
fn=access
25 1 0 0 0 0 0 1 0 0
27 8 0 0 1 1 0 1 0 0
31 1 0 0 1 0 0 0 0 0
fn=lseek64
27 1 1 1 0 0 0 0 0 0
fl=/build/glibc-2.31/io/../sysdeps/unix/sysv/linux/close_nocancel.c
fn=__GI___close_nocancel
25 32 0 0 0 0 0 32 0 0
26 96 0 0 0 0 0 0 0 0
27 32 0 0 32 0 0 0 0 0
fn=access
26 32 31 1 0 0 0 0 0 0
fl=/build/glibc-2.31/io/../sysdeps/unix/sysv/linux/fxstat64.c
fn=__fxstat64
34 32 0 0 0 0 0 32 0 0
37 160 0 0 0 0 0 0 0 0
46 32 0 0 32 0 0 0 0 0
fn=__xstat64
37 32 1 1 0 0 0 0 0 0
fl=/build/glibc-2.31/io/../sysdeps/unix/sysv/linux/open64_nocancel.c
fn=__open64_nocancel
34 312 0 0 78 0 0 78 0 0
37 468 32 1 0 0 0 0 0 0
45 691 0 0 45 24 1 45 20 0
47 308 30 0 77 0 0 0 0 0
fn=__open_nocancel
34 78 32 1 0 0 0 234 8 2
fl=/build/glibc-2.31/io/../sysdeps/unix/sysv/linux/read_nocancel.c
fn=__openat64_nocancel
26 31 31 1 0 0 0 0 0 0
fn=__read_nocancel
25 31 0 0 0 0 0 31 0 0
26 93 0 0 0 0 0 0 0 0
27 31 0 0 31 0 0 0 0 0
fl=/build/glibc-2.31/io/../sysdeps/unix/sysv/linux/xstat64.c
fn=__profile_frequency
33 16 1 1 0 0 0 0 0 0
fn=__xstat64
31 16 0 0 0 0 0 16 0 0
33 155 0 0 15 1 0 15 0 0
35 16 0 0 16 0 0 0 0 0
fl=/build/glibc-2.31/malloc/scratch_buffer_set_array_size.c
fn=__libc_scratch_buffer_set_array_size
30 8 0 0 0 0 0 0 0 0
31 4 0 0 0 0 0 0 0 0
34 20 0 0 0 0 0 0 0 0
35 16 0 0 0 0 0 0 0 0
45 12 0 0 4 0 0 0 0 0
46 8 3 1 0 0 0 0 0 0
63 4 0 0 16 0 0 0 0 0
fn=__write_nocancel
30 4 3 1 0 0 0 16 0 0
fl=/build/glibc-2.31/misc/../sysdeps/unix/syscall-template.S
fn=???
78 31 1 1 0 0 0 31 0 0
fn=mprotect
78 124 0 0 31 0 0 0 0 0
79 62 0 0 0 0 0 0 0 0
fl=/build/glibc-2.31/misc/../sysdeps/unix/sysv/linux/mmap.c
fn=__libc_scratch_buffer_set_array_size
35 80 3 1 0 0 0 240 7 2
fn=mmap
35 80 0 0 80 0 0 0 0 0
38 160 0 0 0 0 0 0 0 0
42 560 0 0 80 0 0 0 0 0
48 80 0 0 240 0 0 0 0 0
fl=/build/glibc-2.31/posix/../sysdeps/unix/syscall-template.S
fn=???
78 1 1 1 0 0 0 1 1 1
fn=uname
78 4 0 0 1 0 0 0 0 0
79 2 0 0 0 0 0 0 0 0
fl=/build/glibc-2.31/setjmp/../sysdeps/arm/setjmp.S
fn=???
27 51 1 1 51 17 1 0 0 0
fn=__sigsetjmp
27 102 0 0 51 0 0 0 0 0
29 51 0 0 0 0 0 0 0 0
33 51 0 0 0 0 0 0 0 0
37 51 0 0 0 0 0 0 0 0
38 51 0 0 0 0 0 0 0 0
39 51 0 0 0 0 0 51 5 0
40 51 0 0 0 0 0 0 0 0
41 51 0 0 0 0 0 51 0 0
47 51 0 0 0 0 0 408 14 2
56 153 0 0 102 3 0 0 0 0
78 51 0 0 0 0 0 408 22 2
82 51 1 0 0 0 0 0 0 0
83 51 0 0 0 0 0 0 0 0
97 51 0 0 0 0 0 0 0 0
fl=/build/glibc-2.31/string/../sysdeps/arm/armv6/strchr.S
fn=???
28 84 1 1 84 14 12 0 0 0
fn=index
29 84 0 0 0 0 0 0 0 0
37 84 0 0 0 0 0 0 0 0
38 84 0 0 0 0 0 0 0 0
39 84 0 0 0 0 0 0 0 0
40 84 0 0 0 0 0 0 0 0
41 84 0 0 0 0 0 0 0 0
42 84 0 0 0 0 0 0 0 0
45 954 0 0 954 10 9 0 0 0
46 954 0 0 0 0 0 0 0 0
47 954 0 0 0 0 0 0 0 0
48 954 0 0 0 0 0 0 0 0
49 954 0 0 0 0 0 0 0 0
50 954 0 0 0 0 0 0 0 0
51 954 0 0 0 0 0 0 0 0
54 83 0 0 0 0 0 0 0 0
55 83 0 0 0 0 0 0 0 0
56 83 0 0 0 0 0 0 0 0
57 83 0 0 0 0 0 0 0 0
58 71 0 0 0 0 0 0 0 0
61 71 0 0 0 0 0 284 7 1
68 71 0 0 142 5 4 0 0 0
69 71 0 0 0 0 0 0 0 0
71 71 0 0 0 0 0 0 0 0
72 71 1 1 0 0 0 0 0 0
73 71 0 0 0 0 0 0 0 0
78 71 0 0 0 0 0 0 0 0
85 98 0 0 0 0 0 0 0 0
86 98 0 0 0 0 0 0 0 0
87 98 0 0 0 0 0 0 0 0
88 98 0 0 0 0 0 0 0 0
89 98 0 0 0 0 0 0 0 0
90 98 0 0 0 0 0 0 0 0
91 98 0 0 0 0 0 0 0 0
92 98 0 0 0 0 0 0 0 0
93 98 0 0 0 0 0 0 0 0
94 98 0 0 0 0 0 0 0 0
95 98 0 0 0 0 0 0 0 0
96 98 0 0 54 2 2 0 0 0
97 98 0 0 0 0 0 0 0 0
103 71 0 0 0 0 0 0 0 0
104 71 0 0 0 0 0 0 0 0
105 71 0 0 0 0 0 0 0 0
106 71 0 0 0 0 0 0 0 0
107 71 0 0 0 0 0 0 0 0
108 71 0 0 0 0 0 0 0 0
113 71 0 0 0 0 0 0 0 0
119 71 0 0 0 0 0 0 0 0
120 71 0 0 0 0 0 0 0 0
121 71 0 0 0 0 0 0 0 0
122 71 0 0 0 0 0 0 0 0
123 71 0 0 0 0 0 0 0 0
124 71 0 0 0 0 0 0 0 0
126 71 0 0 284 0 0 0 0 0
135 84 1 1 0 0 0 0 0 0
136 84 0 0 0 0 0 0 0 0
137 84 0 0 0 0 0 0 0 0
138 84 0 0 0 0 0 0 0 0
fl=/build/glibc-2.31/string/../sysdeps/arm/armv6t2/strlen.S
fn=???
54 160 1 1 0 0 0 0 0 0
fn=strlen
55 160 0 0 0 0 0 320 0 0
60 160 0 0 0 0 0 0 0 0
61 160 0 0 0 0 0 0 0 0
62 160 0 0 0 0 0 0 0 0
63 160 0 0 0 0 0 0 0 0
64 160 0 0 0 0 0 0 0 0
65 74 0 0 0 0 0 0 0 0
66 74 0 0 0 0 0 0 0 0
69 170 0 0 340 1 1 0 0 0
70 170 0 0 0 0 0 0 0 0
71 170 0 0 0 0 0 0 0 0
73 256 0 0 0 0 0 0 0 0
74 256 0 0 0 0 0 0 0 0
75 256 0 0 0 0 0 0 0 0
76 256 0 0 0 0 0 0 0 0
77 256 1 1 0 0 0 0 0 0
80 241 0 0 482 1 1 0 0 0
81 241 0 0 0 0 0 0 0 0
82 241 0 0 0 0 0 0 0 0
83 241 0 0 0 0 0 0 0 0
84 241 0 0 0 0 0 0 0 0
85 241 0 0 0 0 0 0 0 0
86 241 0 0 0 0 0 0 0 0
89 186 0 0 372 0 0 0 0 0
90 186 0 0 0 0 0 0 0 0
91 186 0 0 0 0 0 0 0 0
92 186 0 0 0 0 0 0 0 0
93 186 0 0 0 0 0 0 0 0
94 186 0 0 0 0 0 0 0 0
95 186 0 0 0 0 0 0 0 0
98 113 0 0 226 0 0 0 0 0
99 113 0 0 0 0 0 0 0 0
100 113 0 0 0 0 0 0 0 0
101 113 0 0 0 0 0 0 0 0
102 113 0 0 0 0 0 0 0 0
103 113 0 0 0 0 0 0 0 0
104 113 0 0 0 0 0 0 0 0
105 113 0 0 0 0 0 0 0 0
106 113 0 0 0 0 0 0 0 0
109 160 1 1 0 0 0 0 0 0
110 160 0 0 0 0 0 0 0 0
111 160 0 0 0 0 0 0 0 0
112 160 0 0 0 0 0 0 0 0
114 160 0 0 0 0 0 0 0 0
116 160 0 0 0 0 0 0 0 0
117 160 0 0 320 0 0 0 0 0
121 160 0 0 0 0 0 0 0 0
122 160 0 0 0 0 0 0 0 0
126 86 0 0 172 0 0 0 0 0
127 86 0 0 0 0 0 0 0 0
128 86 0 0 0 0 0 0 0 0
129 86 0 0 0 0 0 0 0 0
130 86 1 1 0 0 0 0 0 0
131 86 0 0 0 0 0 0 0 0
132 86 0 0 0 0 0 0 0 0
133 86 0 0 0 0 0 0 0 0
134 86 0 0 0 0 0 0 0 0
135 86 0 0 0 0 0 0 0 0
136 86 0 0 0 0 0 0 0 0
137 86 0 0 0 0 0 0 0 0
138 86 0 0 0 0 0 0 0 0
fl=/build/glibc-2.31/string/../sysdeps/arm/armv7/multiarch/memcpy_impl.S
fn=memcpy
269 269 1 1 0 0 0 0 0 0
270 269 0 0 0 0 0 0 0 0
271 269 0 0 0 0 0 0 0 0
301 265 0 0 0 0 0 0 0 0
302 265 0 0 0 0 0 0 0 0
303 265 0 0 0 0 0 0 0 0
309 3546 1 1 1508 10 0 1508 92 78
312 265 1 1 0 0 0 0 0 0
313 265 0 0 126 1 1 0 0 0
314 265 0 0 144 1 1 0 0 0
315 265 0 0 0 0 0 126 7 7
316 265 0 0 0 0 0 144 5 5
317 265 0 0 0 0 0 0 0 0
321 6 0 0 0 0 0 6 0 0
325 6 0 0 0 0 0 0 0 0
326 6 0 0 0 0 0 0 0 0
327 6 0 0 0 0 0 0 0 0
328 6 2 1 0 0 0 0 0 0
340 4 0 0 0 0 0 0 0 0
341 4 0 0 0 0 0 0 0 0
353 4 0 0 0 0 0 0 0 0
354 4 0 0 0 0 0 0 0 0
356 4 0 0 0 0 0 0 0 0
357 4 0 0 0 0 0 0 0 0
395 4 1 1 0 0 0 0 0 0
396 4 0 0 0 0 0 0 0 0
398 4 0 0 8 0 0 0 0 0
399 4 0 0 0 0 0 8 1 1
400 4 0 0 8 0 0 0 0 0
401 4 0 0 0 0 0 8 1 1
402 4 0 0 8 0 0 0 0 0
403 4 0 0 0 0 0 8 1 1
404 4 0 0 8 0 0 0 0 0
405 4 0 0 0 0 0 8 1 1
406 4 0 0 8 0 0 0 0 0
407 4 0 0 0 0 0 8 0 0
408 4 0 0 8 0 0 0 0 0
409 4 0 0 0 0 0 8 1 1
410 4 0 0 8 0 0 0 0 0
411 4 0 0 0 0 0 8 0 0
412 4 1 1 8 0 0 0 0 0
413 4 0 0 0 0 0 8 0 0
414 4 0 0 0 0 0 0 0 0
415 4 0 0 0 0 0 0 0 0
416 4 0 0 0 0 0 0 0 0
417 4 0 0 0 0 0 0 0 0
426 4 0 0 0 0 0 0 0 0
427 4 0 0 0 0 0 0 0 0
436 4 0 0 0 0 0 0 0 0
437 4 0 0 0 0 0 0 0 0
438 4 0 0 0 0 0 0 0 0
443 8 0 0 0 0 0 0 0 0
446 4 1 1 0 0 0 0 0 0
447 4 0 0 0 0 0 0 0 0
448 4 0 0 0 0 0 0 0 0
449 4 1 1 0 0 0 0 0 0
450 4 0 0 3 0 0 0 0 0
451 4 0 0 1 0 0 0 0 0
452 4 0 0 0 0 0 3 0 0
453 4 0 0 0 0 0 1 0 0
456 4 0 0 4 0 0 0 0 0
459 4 0 0 0 0 0 0 0 0
598 2 1 1 0 0 0 0 0 0
599 2 0 0 0 0 0 0 0 0
603 2 0 0 0 0 0 0 0 0
604 2 0 0 0 0 0 0 0 0
605 2 0 0 0 0 0 0 0 0
606 2 0 0 0 0 0 0 0 0
607 2 0 0 0 0 0 0 0 0
608 2 0 0 2 0 0 0 0 0
609 2 0 0 0 0 0 2 0 0
610 2 0 0 0 0 0 0 0 0
611 2 0 0 0 0 0 0 0 0
612 2 0 0 0 0 0 0 0 0
613 2 0 0 0 0 0 0 0 0
614 2 0 0 0 0 0 0 0 0
616 2 0 0 0 0 0 0 0 0
617 2 0 0 0 0 0 0 0 0
618 2 1 1 0 0 0 0 0 0
619 2 0 0 0 0 0 0 0 0
620 2 0 0 0 0 0 0 0 0
651 2 0 0 0 0 0 0 0 0
652 2 0 0 0 0 0 0 0 0
653 2 0 0 0 0 0 0 0 0
654 2 0 0 2 0 0 0 0 0
655 2 0 0 2 0 0 0 0 0
656 2 0 0 0 0 0 4 0 0
659 2 0 0 2 0 0 0 0 0
660 2 0 0 2 0 0 0 0 0
661 2 0 0 0 0 0 4 0 0
664 2 0 0 2 0 0 0 0 0
665 2 0 0 2 0 0 0 0 0
666 2 0 0 0 0 0 4 0 0
669 2 0 0 2 0 0 0 0 0
670 2 1 1 2 0 0 0 0 0
671 2 0 0 0 0 0 0 0 0
689 2 1 1 0 0 0 4 1 1
690 2 0 0 2 0 0 0 0 0
691 2 1 1 2 0 0 0 0 0
692 2 0 0 0 0 0 4 0 0
693 2 0 0 2 0 0 0 0 0
694 2 0 0 2 0 0 0 0 0
695 2 0 0 0 0 0 4 0 0
696 2 0 0 2 0 0 0 0 0
697 2 0 0 2 0 0 0 0 0
698 2 0 0 0 0 0 4 0 0
699 2 0 0 2 0 0 0 0 0
700 2 0 0 2 0 0 0 0 0
701 2 0 0 0 0 0 0 0 0
704 2 0 0 0 0 0 4 0 0
705 2 0 0 0 0 0 0 0 0
706 2 0 0 0 0 0 4 1 1
707 2 0 0 4 0 0 0 0 0
710 2 0 0 0 0 0 4 0 0
711 2 1 1 4 0 0 0 0 0
714 2 0 0 0 0 0 4 0 0
715 2 0 0 4 0 0 0 0 0
718 2 0 0 0 0 0 0 0 0
719 2 0 0 0 0 0 0 0 0
721 2 0 0 2 0 0 0 0 0
724 2 0 0 0 0 0 0 0 0
fl=/build/glibc-2.31/string/../sysdeps/arm/armv7/strcmp.S
fn=???
152 875 0 0 0 0 0 0 0 0
153 875 0 0 0 0 0 0 0 0
158 2714 1 1 2714 0 0 0 0 0
fn=strcmp
159 2714 0 0 2714 695 32 0 0 0
160 2714 0 0 0 0 0 0 0 0
161 2714 0 0 0 0 0 0 0 0
162 2714 0 0 0 0 0 0 0 0
163 2714 0 0 0 0 0 0 0 0
165 1839 0 0 0 0 0 3678 0 0
169 1839 0 0 0 0 0 0 0 0
170 1839 0 0 0 0 0 3678 0 0
173 1839 0 0 0 0 0 0 0 0
174 1839 0 0 0 0 0 0 0 0
175 1839 0 0 0 0 0 0 0 0
178 1731 0 0 0 0 0 0 0 0
179 1731 0 0 0 0 0 0 0 0
180 1731 0 0 0 0 0 0 0 0
184 68 0 0 0 0 0 0 0 0
185 68 1 1 0 0 0 0 0 0
186 68 0 0 0 0 0 0 0 0
187 68 0 0 0 0 0 0 0 0
188 68 0 0 0 0 0 0 0 0
189 68 0 0 136 0 0 0 0 0
190 68 0 0 0 0 0 0 0 0
191 68 0 0 136 0 0 0 0 0
192 68 0 0 0 0 0 0 0 0
193 68 0 0 0 0 0 0 0 0
194 68 0 0 0 0 0 0 0 0
195 68 0 0 0 0 0 0 0 0
196 39 0 0 0 0 0 0 0 0
197 39 0 0 0 0 0 0 0 0
198 39 0 0 0 0 0 0 0 0
199 39 0 0 0 0 0 0 0 0
200 39 0 0 0 0 0 0 0 0
207 110 0 0 220 0 0 0 0 0
208 110 0 0 220 0 0 0 0 0
210 178 1 1 0 0 0 0 0 0
211 178 0 0 0 0 0 0 0 0
212 178 0 0 0 0 0 0 0 0
213 178 0 0 0 0 0 0 0 0
214 81 0 0 0 0 0 0 0 0
215 81 0 0 0 0 0 0 0 0
216 81 0 0 0 0 0 0 0 0
217 81 0 0 0 0 0 0 0 0
219 42 0 0 84 0 0 0 0 0
220 42 0 0 84 6 1 0 0 0
221 42 0 0 0 0 0 0 0 0
222 42 0 0 0 0 0 0 0 0
223 42 0 0 0 0 0 0 0 0
224 42 0 0 0 0 0 0 0 0
225 42 0 0 0 0 0 0 0 0
226 42 1 1 0 0 0 0 0 0
228 42 0 0 0 0 0 0 0 0
229 42 0 0 0 0 0 0 0 0
232 40 0 0 0 0 0 0 0 0
235 462 0 0 168 0 0 0 0 0
239 1474 0 0 536 0 0 0 0 0
243 1663 1 1 0 0 0 0 0 0
244 1663 0 0 0 0 0 0 0 0
245 289 0 0 0 0 0 0 0 0
246 289 0 0 0 0 0 0 0 0
251 240 0 0 240 0 0 0 0 0
252 240 0 0 240 0 0 0 0 0
254 305 0 0 0 0 0 0 0 0
255 305 0 0 0 0 0 0 0 0
256 305 0 0 0 0 0 0 0 0
257 305 0 0 0 0 0 0 0 0
258 94 0 0 94 0 0 0 0 0
259 94 0 0 94 6 0 0 0 0
260 94 0 0 0 0 0 0 0 0
261 94 0 0 0 0 0 0 0 0
262 94 0 0 0 0 0 0 0 0
263 94 0 0 0 0 0 0 0 0
264 94 0 0 0 0 0 0 0 0
267 2890 1 1 578 0 0 0 0 0
273 65 0 0 0 0 0 0 0 0
274 65 0 0 0 0 0 0 0 0
275 65 0 0 65 0 0 0 0 0
276 65 0 0 0 0 0 0 0 0
277 65 0 0 65 0 0 0 0 0
279 65 0 0 0 0 0 0 0 0
280 65 0 0 0 0 0 0 0 0
281 65 0 0 0 0 0 0 0 0
282 65 0 0 0 0 0 0 0 0
285 1374 1 1 0 0 0 0 0 0
286 1374 0 0 0 0 0 0 0 0
287 1264 0 0 0 0 0 0 0 0
288 1264 0 0 0 0 0 0 0 0
289 1264 0 0 0 0 0 0 0 0
290 1264 0 0 1264 0 0 0 0 0
291 1264 0 0 0 0 0 0 0 0
292 934 0 0 0 0 0 0 0 0
318 539 0 0 539 2 0 0 0 0
319 539 0 0 0 0 0 0 0 0
320 539 0 0 0 0 0 0 0 0
321 539 0 0 0 0 0 0 0 0
322 325 0 0 0 0 0 0 0 0
325 655 0 0 655 6 0 0 0 0
326 655 0 0 0 0 0 0 0 0
327 655 0 0 0 0 0 0 0 0
328 655 0 0 0 0 0 0 0 0
329 514 0 0 0 0 0 0 0 0
333 355 1 1 0 0 0 0 0 0
334 355 0 0 355 0 0 0 0 0
341 355 0 0 0 0 0 0 0 0
345 909 0 0 0 0 0 0 0 0
351 1019 0 0 1019 0 0 0 0 0
352 1019 0 0 0 0 0 0 0 0
354 1019 0 0 0 0 0 0 0 0
355 1019 0 0 1019 0 0 0 0 0
356 1019 0 0 0 0 0 0 0 0
357 713 0 0 0 0 0 0 0 0
361 502 0 0 0 0 0 0 0 0
362 502 0 0 0 0 0 0 0 0
363 502 0 0 0 0 0 0 0 0
364 502 0 0 0 0 0 0 0 0
365 502 0 0 0 0 0 0 0 0
366 99 0 0 0 0 0 0 0 0
367 96 0 0 96 4 0 0 0 0
368 96 0 0 0 0 0 0 0 0
369 96 0 0 0 0 0 0 0 0
370 96 0 0 0 0 0 0 0 0
371 54 0 0 54 0 0 0 0 0
372 54 0 0 0 0 0 0 0 0
374 403 0 0 0 0 0 0 0 0
375 403 0 0 0 0 0 0 0 0
378 3 0 0 0 0 0 0 0 0
379 3 0 0 0 0 0 0 0 0
383 2 0 0 2 1 0 0 0 0
384 2 0 0 4 0 0 0 0 0
392 2 0 0 0 0 0 0 0 0
393 2 0 0 0 0 0 0 0 0
397 42 0 0 0 0 0 0 0 0
398 42 0 0 0 0 0 0 0 0
399 42 0 0 0 0 0 0 0 0
403 309 1 1 0 0 0 0 0 0
404 309 0 0 0 0 0 0 0 0
405 309 0 0 0 0 0 0 0 0
406 309 1 1 0 0 0 0 0 0
407 309 0 0 0 0 0 0 0 0
408 118 0 0 0 0 0 0 0 0
409 112 0 0 112 9 1 0 0 0
410 112 0 0 0 0 0 0 0 0
411 112 0 0 0 0 0 0 0 0
412 112 0 0 0 0 0 0 0 0
413 44 0 0 44 0 0 0 0 0
414 44 0 0 0 0 0 0 0 0
416 191 0 0 0 0 0 0 0 0
417 191 0 0 0 0 0 0 0 0
419 6 0 0 0 0 0 0 0 0
420 6 0 0 0 0 0 0 0 0
422 3 0 0 3 1 0 0 0 0
423 3 0 0 0 0 0 0 0 0
427 3 0 0 0 0 0 0 0 0
430 68 0 0 0 0 0 0 0 0
431 68 0 0 0 0 0 0 0 0
432 68 0 0 0 0 0 0 0 0
436 359 1 1 0 0 0 0 0 0
437 359 0 0 0 0 0 0 0 0
438 359 0 0 0 0 0 0 0 0
439 359 0 0 0 0 0 0 0 0
440 359 0 0 0 0 0 0 0 0
441 180 0 0 0 0 0 0 0 0
442 177 0 0 177 14 2 0 0 0
443 177 0 0 0 0 0 0 0 0
444 177 0 0 0 0 0 0 0 0
445 177 0 0 0 0 0 0 0 0
446 53 0 0 53 0 0 0 0 0
447 53 0 0 0 0 0 0 0 0
449 179 0 0 0 0 0 0 0 0
450 179 0 0 0 0 0 0 0 0
452 3 0 0 0 0 0 0 0 0
453 3 0 0 0 0 0 0 0 0
454 3 0 0 3 1 0 0 0 0
456 127 0 0 0 0 0 0 0 0
457 127 0 0 0 0 0 0 0 0
458 127 0 0 0 0 0 0 0 0
461 4 0 0 0 0 0 0 0 0
462 4 0 0 8 0 0 0 0 0
470 4 0 0 0 0 0 0 0 0
475 1013 1 1 0 0 0 0 0 0
476 1013 0 0 0 0 0 0 0 0
479 1013 0 0 0 0 0 0 0 0
480 1013 0 0 0 0 0 0 0 0
481 1013 0 0 0 0 0 0 0 0
482 1013 0 0 0 0 0 0 0 0
483 1013 0 0 0 0 0 0 0 0
484 1013 0 0 0 0 0 0 0 0
485 1013 0 0 0 0 0 0 0 0
486 1013 0 0 2026 0 0 0 0 0
493 1013 0 0 0 0 0 0 0 0
494 1013 0 0 0 0 0 0 0 0
fl=/build/glibc-2.31/string/../sysdeps/arm/memmove.S
fn=memmove
70 5 2 1 0 0 0 0 0 0
71 5 0 0 0 0 0 0 0 0
73 5 0 0 0 0 0 0 0 0
78 5 0 0 0 0 0 15 0 0
85 5 0 0 0 0 0 0 0 0
86 5 0 0 0 0 0 0 0 0
87 5 0 0 0 0 0 0 0 0
88 5 0 0 0 0 0 0 0 0
89 5 0 0 0 0 0 0 0 0
90 5 0 0 0 0 0 0 0 0
91 5 0 0 0 0 0 0 0 0
92 5 0 0 0 0 0 0 0 0
93 5 5 1 0 0 0 0 0 0
95 5 0 0 0 0 0 0 0 0
96 5 0 0 0 0 0 20 0 0
102 5 0 0 0 0 0 0 0 0
131 5 5 1 0 0 0 0 0 0
132 5 0 0 0 0 0 0 0 0
135 5 0 0 0 0 0 0 0 0
161 5 0 0 5 0 0 0 0 0
163 5 0 0 5 0 0 0 0 0
165 5 0 0 5 0 0 0 0 0
168 5 0 0 0 0 0 0 0 0
190 5 1 1 0 0 0 5 0 0
192 5 0 0 0 0 0 5 0 0
194 5 0 0 0 0 0 5 0 0
204 5 0 0 20 0 0 0 0 0
211 5 0 0 0 0 0 0 0 0
212 5 0 0 0 0 0 0 0 0
213 5 0 0 0 0 0 0 0 0
214 5 0 0 0 0 0 0 0 0
215 5 0 0 0 0 0 0 0 0
216 5 0 0 0 0 0 0 0 0
217 5 0 0 0 0 0 0 0 0
227 5 0 0 15 0 0 0 0 0
fl=/build/glibc-2.31/string/../sysdeps/arm/memset.S
fn=memset
29 35 1 1 0 0 0 0 0 0
30 35 0 0 0 0 0 0 0 0
31 35 0 0 0 0 0 0 0 0
34 35 0 0 0 0 0 0 0 0
35 35 0 0 0 0 0 3 1 1
36 35 0 0 0 0 0 0 0 0
37 35 0 0 0 0 0 0 0 0
39 32 0 0 0 0 0 0 0 0
40 32 0 0 0 0 0 0 0 0
41 32 0 0 0 0 0 0 0 0
42 32 0 0 0 0 0 0 0 0
45 1467 0 0 0 0 0 0 0 0
46 1467 1 1 0 0 0 2912 160 160
47 1467 0 0 0 0 0 0 0 0
48 1467 0 0 0 0 0 2896 246 246
49 1467 0 0 0 0 0 0 0 0
50 1467 0 0 0 0 0 2882 159 159
51 1467 0 0 0 0 0 0 0 0
52 1467 0 0 0 0 0 2870 177 177
53 1467 0 0 0 0 0 0 0 0
55 32 0 0 0 0 0 0 0 0
57 51 0 0 0 0 0 0 0 0
58 51 0 0 0 0 0 16 4 4
59 51 0 0 0 0 0 0 0 0
60 51 0 0 0 0 0 16 0 0
61 51 0 0 0 0 0 0 0 0
62 51 0 0 0 0 0 16 0 0
63 51 0 0 0 0 0 0 0 0
64 51 0 0 0 0 0 16 0 0
65 51 0 0 0 0 0 0 0 0
67 35 0 0 0 0 0 0 0 0
fl=/build/glibc-2.31/string/memcmp.c
fn=bcmp
96 93 0 0 0 0 0 62 0 0
101 31 30 1 31 0 0 0 0 0
102 31 0 0 31 0 0 0 0 0
106 93 0 0 0 0 0 0 0 0
107 31 0 0 0 0 0 0 0 0
122 283 30 1 36 23 3 0 0 0
148 1 0 0 0 0 0 0 0 0
149 1 0 0 0 0 0 0 0 0
150 1 1 0 0 0 0 0 0 0
158 3 0 0 1 0 0 0 0 0
159 2 1 1 1 0 0 0 0 0
160 2 0 0 0 0 0 0 0 0
164 36 31 1 36 5 0 0 0 0
165 36 0 0 36 0 0 0 0 0
166 72 1 0 0 0 0 0 0 0
170 36 0 0 36 0 0 0 0 0
171 36 0 0 36 0 0 0 0 0
172 72 0 0 0 0 0 0 0 0
173 31 0 0 0 0 0 0 0 0
176 5 0 0 5 0 0 0 0 0
177 5 0 0 5 0 0 0 0 0
178 10 0 0 0 0 0 0 0 0
181 10 0 0 0 0 0 0 0 0
182 5 0 0 0 0 0 0 0 0
185 10 5 1 0 0 0 0 0 0
190 10 0 0 0 0 0 0 0 0
302 218 0 0 0 0 0 981 2 2
305 109 0 0 0 0 0 0 0 0
306 109 0 0 0 0 0 0 0 0
309 109 0 0 0 0 0 0 0 0
313 108 0 0 0 0 0 0 0 0
329 180 32 1 36 1 1 0 0 0
333 62 0 0 0 0 0 0 0 0
337 10 0 0 0 0 0 0 0 0
338 5 0 0 0 0 0 0 0 0
339 5 0 0 0 0 0 0 0 0
343 1455 31 1 0 0 0 0 0 0
345 549 0 0 549 1 1 0 0 0
346 549 0 0 549 32 3 0 0 0
347 549 0 0 0 0 0 0 0 0
350 1098 0 0 0 0 0 0 0 0
355 10 0 0 0 0 0 0 0 0
356 218 3 1 981 0 0 0 0 0
fn=memchr
309 109 6 1 0 0 0 0 0 0
fl=/build/glibc-2.31/string/mempcpy.c
fn=???
34 167 1 1 0 0 0 334 10 1
fn=mempcpy
34 167 0 0 0 0 0 0 0 0
35 167 0 0 0 0 0 0 0 0
36 334 0 0 334 0 0 0 0 0
fl=/build/glibc-2.31/string/strcspn.c
fn=???
32 1 1 1 0 0 0 5 1 1
fn=strcspn
32 2 0 0 0 0 0 0 0 0
33 3 0 0 1 1 1 0 0 0
34 4 0 0 1 0 0 0 0 0
39 5 0 0 0 0 0 0 0 0
40 4 1 1 0 0 0 0 0 0
41 4 0 0 0 0 0 0 0 0
42 4 0 0 0 0 0 0 0 0
44 1 0 0 0 0 0 0 0 0
47 7 0 0 2 0 0 3 0 0
48 6 0 0 0 0 0 0 0 0
51 4 0 0 2 0 0 0 0 0
52 4 0 0 2 0 0 0 0 0
53 4 1 1 2 0 0 0 0 0
54 4 0 0 2 0 0 0 0 0
56 1 0 0 0 0 0 0 0 0
62 32 0 0 32 0 0 0 0 0
63 16 0 0 16 0 0 0 0 0
64 32 0 0 32 0 0 0 0 0
65 16 0 0 16 0 0 0 0 0
67 96 0 0 32 0 0 0 0 0
69 1 0 0 0 0 0 0 0 0
70 3 0 0 0 0 0 0 0 0
71 2 0 0 5 0 0 0 0 0
fl=/build/glibc-2.31/string/strdup.c
fn=???
40 32 1 1 0 0 0 64 0 0
fn=strdup
40 64 0 0 0 0 0 0 0 0
41 64 0 0 0 0 0 0 0 0
42 96 0 0 0 0 0 32 0 0
44 32 0 0 0 0 0 0 0 0
47 96 0 0 32 0 0 0 0 0
48 64 0 0 64 0 0 0 0 0
fl=???
fn=???
0 693 72 4 221 23 1 0 0 0
fn=__memcpy_from_thumb
0 64 0 0 32 25 0 0 0 0
fn=__memset_from_thumb
0 32 6 1 0 0 0 0 0 0
summary: 334354 1549 345 72548 5502 746 42549 1436 1154
