desc: I1 cache:         16384 B, 64 B, 4-way associative
desc: D1 cache:         16384 B, 64 B, 4-way associative
desc: LL cache:         262144 B, 64 B, 8-way associative
cmd: ./hw3 1
events: Ir I1mr ILmr Dr D1mr DLmr Dw D1mw DLmw 
fl=/build/glibc-2.31/elf/../elf/dl-sysdep.c
fn=???
114 1 1 1 0 0 0 0 0 0
fn=_dl_sysdep_start
89 3 0 0 0 0 0 9 0 0
90 11 1 1 5 0 0 5 0 0
91 2 0 0 0 0 0 1 0 0
113 3 1 1 1 0 0 1 0 0
114 124 0 0 41 4 4 4 4 4
117 3 0 0 1 0 0 1 1 1
118 2 0 0 0 0 0 1 1 1
120 144 6 6 43 4 4 18 1 1
121 71 0 0 17 2 0 0 0 0
124 1 0 0 1 0 0 0 0 0
127 1 0 0 1 0 0 0 0 0
130 1 0 0 1 0 0 0 0 0
131 1 0 0 0 0 0 0 0 0
133 1 0 0 1 0 0 0 0 0
134 1 0 0 0 0 0 0 0 0
154 3 1 1 1 0 0 1 0 0
155 1 0 0 0 0 0 0 0 0
157 3 0 0 1 0 0 1 0 0
158 1 0 0 0 0 0 0 0 0
160 5 1 1 1 0 0 2 0 0
161 1 0 0 0 0 0 0 0 0
166 3 0 0 1 0 0 1 0 0
167 2 0 0 0 0 0 1 0 0
182 2 0 0 1 0 0 1 0 0
183 1 0 0 0 0 0 0 0 0
223 1 0 0 0 0 0 0 0 0
235 3 1 1 0 0 0 1 0 0
237 6 0 0 1 0 0 0 0 0
249 4 0 0 2 0 0 0 0 0
252 7 0 0 2 0 0 0 0 0
fl=/build/glibc-2.31/elf/../include/scratch_buffer.h
fn=_dl_map_object_deps
77 6 0 0 0 0 0 4 0 0
78 2 0 0 0 0 0 1 1 1
131 12 0 0 4 0 0 0 0 0
fl=/build/glibc-2.31/elf/../misc/sbrk.c
fn=brk
32 1 1 1 0 0 0 4 0 0
fn=sbrk
32 1 0 0 0 0 0 0 0 0
40 8 0 0 4 2 2 0 0 0
44 2 0 0 0 0 0 0 0 0
60 2 0 0 4 0 0 0 0 0
fl=/build/glibc-2.31/elf/../sysdeps/arm/dl-irel.h
fn=_dl_start
33 4 0 0 1 0 0 1 0 0
fl=/build/glibc-2.31/elf/../sysdeps/arm/dl-machine.h
fn=_dl_start
48 2 0 0 1 0 0 0 0 0
59 2 0 0 2 1 1 0 0 0
60 1 0 0 0 0 0 0 0 0
76 1 0 0 0 0 0 0 0 0
77 1 0 0 0 0 0 0 0 0
79 1 1 1 0 0 0 0 0 0
326 3 0 0 1 0 0 1 0 0
367 12 1 1 0 0 0 0 0 0
395 159 0 0 49 8 8 0 0 0
398 24 0 0 0 0 0 0 0 0
403 48 0 0 12 1 0 0 0 0
427 60 0 0 12 0 0 0 0 0
431 24 2 2 0 0 0 12 0 0
637 180 1 1 45 20 20 45 0 0
fn=_dl_sysdep_start
270 6 0 0 3 1 1 0 0 0
272 0 0 0 0 0 0 0 0 0
fl=/build/glibc-2.31/elf/../sysdeps/generic/ldsodefs.h
fn=_dl_new_object
1208 69 0 0 1 0 0 0 0 0
fl=/build/glibc-2.31/elf/../sysdeps/posix/dl-fileid.h
fn=_dl_map_object_from_fd
37 204 2 1 0 0 0 0 0 0
40 68 1 1 68 1 1 68 0 0
41 68 0 0 68 0 0 68 0 0
49 5974 1 1 2392 452 0 0 0 0
fl=/build/glibc-2.31/elf/../sysdeps/unix/sysv/linux/arm/brk.c
fn=__libc_do_syscall
31 1 1 1 0 0 0 0 0 0
fn=brk
28 2 0 0 0 0 0 2 0 0
31 6 1 0 1 1 1 1 0 0
33 2 0 0 0 0 0 0 0 0
39 2 0 0 0 0 0 0 0 0
40 1 0 0 2 0 0 0 0 0
fl=/build/glibc-2.31/elf/../sysdeps/unix/sysv/linux/arm/dl-procinfo.h
fn=_dl_important_hwcaps
42 2 0 0 2 0 0 0 0 0
fl=/build/glibc-2.31/elf/../sysdeps/unix/sysv/linux/arm/libc-do-syscall.S
fn=???
40 294 0 0 0 0 0 588 9 5
fn=__libc_do_syscall
45 294 0 0 0 0 0 0 0 0
46 294 0 0 0 0 0 0 0 0
47 293 0 0 586 0 0 0 0 0
fl=/build/glibc-2.31/elf/../sysdeps/unix/sysv/linux/dl-sysdep.c
fn=_dl_discover_osversion
46 2 0 0 0 0 0 9 0 0
48 4 1 1 1 0 0 0 0 0
88 3 1 1 0 0 0 0 0 0
103 1 1 1 0 0 0 0 0 0
107 1 0 0 0 0 0 0 0 0
108 1 0 0 0 0 0 0 0 0
110 15 0 0 3 1 1 0 0 0
112 3 0 0 0 0 0 0 0 0
114 15 0 0 3 0 0 0 0 0
116 1 0 0 0 0 0 0 0 0
120 3 0 0 0 0 0 0 0 0
122 3 0 0 0 0 0 0 0 0
124 13 1 1 0 0 0 0 0 0
129 2 0 0 0 0 0 0 0 0
133 2 0 0 9 0 0 0 0 0
fn=_dl_show_auxv
48 1 1 1 1 1 0 0 0 0
fn=_dl_sysdep_start
36 2 0 0 0 0 0 0 0 0
fl=/build/glibc-2.31/elf/../sysdeps/unix/sysv/linux/dl-vdso-setup.h
fn=dl_main
27 5 1 1 1 1 1 2 0 0
30 4 1 1 1 0 0 1 0 0
33 3 1 1 1 0 0 1 0 0
fl=/build/glibc-2.31/elf/../sysdeps/unix/sysv/linux/dl-vdso.h
fn=dl_main
40 3 1 1 2 1 1 0 0 0
41 2 0 0 0 0 0 0 0 0
55 2 0 0 0 0 0 0 0 0
fl=/build/glibc-2.31/elf/./dl-load.h
fn=_dl_map_object_from_fd
90 68 0 0 0 0 0 0 0 0
91 340 0 0 68 0 0 34 0 0
93 204 0 0 68 8 8 0 0 0
94 160 1 1 96 0 0 0 0 0
95 160 0 0 64 0 0 0 0 0
96 64 0 0 32 0 0 0 0 0
98 160 1 1 0 0 0 32 0 0
fl=/build/glibc-2.31/elf/./dl-map-segments.h
fn=_dl_map_object_from_fd
50 34 0 0 34 6 0 0 0 0
51 68 0 0 34 0 0 0 0 0
56 340 0 0 68 0 0 102 12 3
60 68 9 1 0 0 0 0 0 0
63 68 0 0 0 0 0 34 0 0
64 68 0 0 0 0 0 34 0 0
66 102 0 0 34 0 0 0 0 0
73 340 1 1 68 0 0 0 0 0
80 102 0 0 34 0 0 34 0 0
82 34 0 0 0 0 0 0 0 0
90 272 0 0 0 0 0 0 0 0
92 136 0 0 102 0 0 0 0 0
94 374 0 0 68 0 0 68 0 0
104 204 6 1 136 0 0 0 0 0
110 68 0 0 34 0 0 0 0 0
111 68 0 0 0 0 0 34 0 0
112 238 0 0 68 0 0 34 0 0
113 34 0 0 0 0 0 0 0 0
115 102 0 0 0 0 0 0 0 0
120 68 0 0 0 0 0 0 0 0
123 102 0 0 0 0 0 34 0 0
131 136 0 0 0 0 0 0 0 0
137 102 0 0 34 0 0 0 0 0
141 120 1 1 0 0 0 30 0 0
144 30 0 0 0 0 0 0 0 0
149 68 1 1 0 0 0 0 0 0
fl=/build/glibc-2.31/elf/./setup-vdso.h
fn=dl_main
24 5 1 1 2 0 0 0 0 0
fl=/build/glibc-2.31/elf/dl-cache.c
fn=???
195 33 1 1 33 27 1 0 0 0
fn=_dl_cache_libcmp
142 5748 0 0 2693 0 0 0 0 0
144 18613 0 0 2659 300 180 0 0 0
146 142 0 0 0 0 0 0 0 0
152 68 0 0 0 0 0 0 0 0
153 136 0 0 0 0 0 0 0 0
154 332 1 1 83 0 0 0 0 0
155 30 0 0 0 0 0 0 0 0
156 332 0 0 83 0 0 0 0 0
157 754 0 0 0 0 0 0 0 0
158 136 0 0 0 0 0 0 0 0
162 6 0 0 0 0 0 0 0 0
164 5176 0 0 0 0 0 0 0 0
165 3 0 0 0 0 0 0 0 0
166 5170 0 0 0 0 0 0 0 0
167 322 0 0 0 0 0 0 0 0
170 2263 0 0 0 0 0 0 0 0
171 2263 0 0 0 0 0 0 0 0
174 68 0 0 34 0 0 0 0 0
175 724 0 0 1448 0 0 0 0 0
fn=_dl_load_cache_lookup
187 132 0 0 0 0 0 297 0 0
195 132 0 0 33 0 0 0 0 0
198 165 1 1 66 22 0 0 0 0
201 6 1 1 1 0 0 0 0 0
209 5 0 0 1 0 0 0 0 0
210 5 0 0 1 0 0 0 0 0
213 1 0 0 0 0 0 1 0 0
214 2 1 1 0 0 0 1 0 0
246 64 0 0 0 0 0 0 0 0
252 198 0 0 99 0 0 0 0 0
261 33 0 0 0 0 0 0 0 0
267 264 0 0 66 0 0 66 0 0
275 363 1 1 99 0 0 132 0 0
276 264 0 0 132 0 0 0 0 0
290 7984 4 4 1329 257 114 297 0 0
306 165 0 0 66 0 0 0 0 0
307 33 0 0 33 0 0 0 0 0
310 66 0 0 0 0 0 0 0 0
318 231 1 1 33 0 0 0 0 0
319 132 0 0 0 0 0 0 0 0
320 33 0 0 0 0 0 0 0 0
321 99 0 0 297 0 0 0 0 0
fn=_dl_sort_maps
141 362 1 1 0 0 0 1448 3 0
fl=/build/glibc-2.31/elf/dl-debug.c
fn=???
46 35 1 1 0 0 0 35 1 1
fn=_dl_debug_initialize
46 105 1 1 35 13 1 0 0 0
49 35 0 0 0 0 0 0 0 0
50 70 0 0 70 0 0 0 0 0
52 0 0 0 0 0 0 0 0 0
54 139 1 0 35 0 0 0 0 0
57 2 0 0 0 0 0 1 0 0
58 3 0 0 0 0 0 1 0 0
59 6 0 0 2 0 0 2 0 0
60 2 0 0 1 0 0 0 0 0
64 70 0 0 35 0 0 0 0 0
fn=_dl_fini
74 1 0 0 0 0 0 0 0 0
fl=/build/glibc-2.31/elf/dl-deps.c
fn=_dl_build_local_scope
61 54 1 1 0 0 0 162 1 1
fn=_dl_map_object_deps
144 3 0 0 0 0 0 2 0 0
145 1 0 0 0 0 0 2 0 0
146 2 0 0 0 0 0 2 2 2
152 10 1 1 3 0 0 3 1 1
159 4 0 0 0 0 0 2 0 0
160 6 0 0 0 0 0 0 0 0
176 14 1 1 1 0 0 2 0 0
177 1 0 0 1 0 0 0 0 0
180 3 0 0 1 0 0 1 0 0
198 4 1 1 2 0 0 1 0 0
200 2 0 0 0 0 0 3 0 0
202 12 0 0 8 0 0 0 0 0
206 5 0 0 0 0 0 0 0 0
209 15 0 0 5 0 0 5 0 0
213 25 0 0 10 6 0 5 0 0
214 57 1 1 9 0 0 0 0 0
217 12 0 0 0 0 0 0 0 0
221 16 0 0 8 0 0 4 0 0
224 19 0 0 7 1 0 0 0 0
226 16 1 1 8 1 0 4 0 0
231 8 0 0 0 0 0 4 0 0
232 4 0 0 0 0 0 4 0 0
233 8 0 0 4 0 0 4 0 0
234 8 4 1 4 3 0 4 0 0
237 412 0 0 140 32 0 4 0 0
238 258 1 1 0 0 0 0 0 0
244 543 34 1 109 1 1 0 0 0
246 54 0 0 0 0 0 54 0 0
248 324 1 1 54 12 0 0 0 0
249 159 4 0 53 0 0 0 0 0
258 53 0 0 53 0 0 0 0 0
260 159 0 0 53 0 0 0 0 0
265 68 0 0 0 0 0 0 0 0
269 34 0 0 0 0 0 68 0 0
270 34 29 0 0 0 0 34 0 0
271 68 0 0 34 0 0 34 6 0
273 102 0 0 34 0 0 34 0 0
275 170 0 0 34 0 0 68 0 0
279 106 0 0 53 0 0 0 0 0
280 86 0 0 0 0 0 43 6 1
282 312 3 1 75 3 0 4 0 0
287 12 1 1 5 0 0 1 0 0
293 12 0 0 4 0 0 4 0 0
380 8 2 1 0 0 0 4 0 0
433 8 1 0 4 0 0 0 0 0
435 9 3 1 0 0 0 3 0 0
438 9 0 0 0 0 0 0 0 0
439 9 0 0 0 0 0 0 0 0
445 3 0 0 0 0 0 3 1 0
446 12 0 0 3 0 0 3 0 0
447 15 0 0 3 0 0 0 0 0
449 3 0 0 0 0 0 0 0 0
450 3 2 0 0 0 0 3 2 0
451 9 0 0 3 0 0 3 0 0
455 16 1 0 8 3 0 0 0 0
457 4 0 0 4 0 0 0 0 0
458 20 1 1 4 0 0 0 0 0
fn=openaux
61 108 0 0 0 0 0 0 0 0
64 647 0 0 270 0 0 161 11 0
65 54 0 0 54 8 0 0 0 0
69 106 0 0 159 5 0 0 0 0
159 1 1 1 0 0 0 9 0 0
fl=/build/glibc-2.31/elf/dl-environ.c
fn=_dl_discover_osversion
29 3 1 1 3 0 0 0 0 0
fn=_dl_next_ld_env_entry
28 3 0 0 0 0 0 0 0 0
32 73 0 0 36 0 0 0 0 0
34 105 0 0 35 0 0 0 0 0
35 30 1 1 10 0 0 0 0 0
37 2 0 0 0 0 0 0 0 0
40 4 0 0 0 0 0 2 0 0
42 2 0 0 0 0 0 0 0 0
49 1 0 0 0 0 0 0 0 0
fl=/build/glibc-2.31/elf/dl-error-skeleton.c
fn=_dl_catch_error
225 4 0 0 0 0 0 0 0 0
227 4 0 0 1 0 0 0 0 0
228 1 0 0 0 0 0 1 0 0
229 2 1 1 2 0 0 1 0 0
230 5 0 0 1 0 0 1 0 0
232 2 0 0 4 0 0 0 0 0
fn=_dl_catch_exception
175 220 1 1 55 1 0 110 2 2
178 220 0 0 55 0 0 110 0 0
199 110 0 0 55 0 0 55 0 0
200 110 0 0 0 0 0 55 0 0
203 110 0 0 0 0 0 55 0 0
206 275 0 0 0 0 0 0 0 0
208 110 0 0 110 0 0 0 0 0
209 216 0 0 108 31 0 54 8 0
210 162 0 0 54 8 0 162 34 0
219 162 0 0 162 32 0 0 0 0
225 1 1 1 0 0 0 4 0 0
fn=_dl_signal_cerror
175 55 35 1 0 0 0 165 0 0
fl=/build/glibc-2.31/elf/dl-hwcaps.c
fn=_dl_important_hwcaps
42 10 0 0 0 0 0 6 1 1
43 10 0 0 2 0 0 2 0 0
45 10 1 1 3 1 1 4 0 0
46 3 0 0 0 0 0 0 0 0
55 204 1 1 3 0 0 1 0 0
56 171 1 1 39 0 0 43 0 0
57 13 0 0 2 0 0 0 0 0
65 6 0 0 2 0 0 1 0 0
148 6 1 1 0 0 0 0 0 0
149 1 0 0 1 0 0 0 0 0
185 49 2 2 4 0 0 3 0 0
186 208 1 1 26 0 0 39 0 0
188 2 0 0 0 0 0 2 1 1
189 8 1 1 2 0 0 2 0 0
190 43 0 0 10 0 0 10 0 0
191 5 0 0 1 0 0 1 0 0
193 2 0 0 1 0 0 0 0 0
195 1 0 0 0 0 0 1 0 0
196 2 0 0 1 0 0 1 0 0
197 2 0 0 0 0 0 0 0 0
200 3 1 1 1 0 0 2 0 0
201 1 0 0 0 0 0 0 0 0
204 2 0 0 0 0 0 0 0 0
207 4 0 0 1 0 0 0 0 0
211 9 0 0 1 0 0 0 0 0
212 2 0 0 0 0 0 0 0 0
214 1 1 1 0 0 0 0 0 0
215 6 0 0 0 0 0 0 0 0
216 8 0 0 2 0 0 0 0 0
217 2 0 0 0 0 0 0 0 0
218 2 0 0 0 0 0 0 0 0
219 3 0 0 0 0 0 0 0 0
220 1 0 0 0 0 0 0 0 0
224 3 0 0 0 0 0 0 0 0
230 5 0 0 1 0 0 2 0 0
231 4 1 1 0 0 0 0 0 0
232 3 0 0 0 0 0 1 0 0
263 5 0 0 1 0 0 2 1 1
266 4 0 0 0 0 0 1 0 0
273 1 0 0 1 0 0 0 0 0
276 4 0 0 0 0 0 0 0 0
279 24 1 1 1 0 0 6 0 0
282 25 0 0 4 0 0 0 0 0
283 24 0 0 0 0 0 0 0 0
284 20 1 1 8 0 0 4 0 0
287 16 0 0 0 0 0 4 0 0
289 8 0 0 0 0 0 0 0 0
294 52 0 0 3 0 0 0 0 0
295 19 0 0 1 0 0 16 0 0
299 9 0 0 0 0 0 0 0 0
302 76 1 1 0 0 0 0 0 0
303 224 0 0 0 0 0 0 0 0
304 195 1 1 66 0 0 32 0 0
306 10 0 0 0 0 0 0 0 0
309 3 0 0 1 0 0 0 0 0
310 2 0 0 1 0 0 0 0 0
311 27 1 1 1 0 0 6 0 0
313 12 0 0 0 0 0 0 0 0
314 24 0 0 6 0 0 0 0 0
316 12 0 0 3 0 0 0 0 0
324 30 0 0 9 0 0 8 0 0
327 24 0 0 0 0 0 0 0 0
330 4 0 0 3 0 0 1 0 0
333 5 0 0 12 0 0 0 0 0
fn=_dl_map_object_deps
42 1 1 1 0 0 0 9 1 1
fl=/build/glibc-2.31/elf/dl-load.c
fn=_dl_dst_count
234 112 0 0 0 0 0 0 0 0
237 56 0 0 0 0 0 0 0 0
238 56 0 0 0 0 0 0 0 0
257 112 1 1 336 0 0 0 0 0
fn=_dl_dst_substitute
378 2 1 1 0 0 0 12 0 0
fn=_dl_init_paths
681 4 0 0 0 0 0 10 0 0
694 10 0 0 3 0 0 1 0 0
698 1 0 0 0 0 0 1 0 0
699 2 0 0 0 0 0 0 0 0
700 2 0 0 0 0 0 0 0 0
707 5 0 0 0 0 0 0 0 0
708 3 1 1 1 0 0 0 0 0
711 4 0 0 0 0 0 1 0 0
713 2 0 0 0 0 0 0 0 0
719 2 0 0 0 0 0 1 0 0
720 4 1 1 1 0 0 1 0 0
728 4 0 0 0 0 0 3 0 0
730 10 0 0 5 0 0 2 1 1
731 4 0 0 0 0 0 7 0 0
733 6 0 0 1 0 0 4 0 0
734 8 0 0 3 1 1 4 2 2
735 16 0 0 0 0 0 0 0 0
738 9 0 0 3 1 1 0 0 0
739 204 0 0 0 0 0 0 0 0
740 65 0 0 0 0 0 64 4 4
742 18 1 1 0 0 0 4 0 0
748 4 1 1 1 0 0 1 0 0
749 1 0 0 0 0 0 1 0 0
753 3 0 0 2 0 0 0 0 0
754 1 0 0 0 0 0 0 0 0
756 4 0 0 1 0 0 0 0 0
758 2 0 0 1 0 0 0 0 0
762 0 0 0 0 0 0 0 0 0
764 0 0 0 0 0 0 0 0 0
775 2 0 0 0 0 0 1 0 0
777 3 1 1 1 0 0 0 0 0
791 2 1 1 0 0 0 1 0 0
796 4 0 0 2 0 0 0 0 0
798 11 1 1 1 0 0 0 0 0
802 1 0 0 0 0 0 0 0 0
803 47 0 0 15 0 0 0 0 0
804 56 1 1 0 0 0 0 0 0
805 42 0 0 0 0 0 0 0 0
807 3 0 0 1 1 1 1 0 0
808 2 0 0 0 0 0 0 0 0
809 2 0 0 0 0 0 0 0 0
815 9 0 0 2 0 0 2 0 0
818 3 0 0 2 0 0 0 0 0
824 4 0 0 1 0 0 1 0 0
827 0 0 0 0 0 0 0 0 0
828 3 0 0 9 0 0 0 0 0
1927 55 2 0 0 0 0 495 0 0
fn=_dl_map_object
659 378 8 1 126 46 0 0 0 0
662 27 0 0 0 0 0 0 0 0
1927 220 1 1 55 0 0 165 11 5
1935 110 0 0 0 0 0 0 0 0
1936 275 0 0 110 27 2 0 0 0
1939 2836 0 0 872 0 0 0 0 0
1944 4185 3 1 837 255 0 0 0 0
1946 3348 0 0 0 0 0 0 0 0
1950 2451 0 0 817 0 0 0 0 0
1951 2451 0 0 817 468 0 0 0 0
1954 711 0 0 711 0 0 0 0 0
1955 2133 0 0 1422 1021 0 0 0 0
1956 2844 0 0 0 0 0 0 0 0
1958 3830 3 1 110 0 0 0 0 0
1972 280 35 1 105 29 0 35 6 0
1982 105 0 0 35 1 0 0 0 0
2016 105 0 0 0 0 0 35 3 0
2018 175 0 0 0 0 0 0 0 0
2022 102 0 0 0 0 0 0 0 0
2024 170 30 1 68 0 0 0 0 0
2031 170 0 0 34 14 0 0 0 0
2035 408 3 2 102 7 0 102 0 0
2040 177 0 0 59 29 0 0 0 0
2041 68 0 0 0 0 0 0 0 0
2055 170 2 2 68 0 0 0 0 0
2056 238 0 0 102 0 0 0 0 0
2057 34 0 0 0 0 0 0 0 0
2066 170 1 1 68 47 1 0 0 0
2067 577 34 1 68 0 0 170 0 0
2073 249 1 1 3 0 0 0 0 0
2074 42 0 0 0 0 0 0 0 0
2082 66 1 1 0 0 0 33 0 0
2096 99 0 0 33 0 0 0 0 0
2098 165 0 0 66 19 0 0 0 0
2102 66 0 0 0 0 0 0 0 0
2104 99 0 0 0 0 0 0 0 0
2108 66 0 0 0 0 0 0 0 0
2116 132 0 0 33 20 0 0 0 0
2139 264 1 1 0 0 0 66 0 0
2143 66 0 0 0 0 0 0 0 0
2144 66 0 0 0 0 0 33 0 0
2161 165 33 1 66 0 0 0 0 0
2167 2 1 1 0 0 0 1 0 0
2168 3 0 0 0 0 0 0 0 0
2169 2 0 0 0 0 0 0 0 0
2170 3 0 0 0 0 0 0 0 0
2174 8 0 0 0 0 0 2 0 0
2177 2 0 0 0 0 0 0 0 0
2189 136 0 0 34 0 0 0 0 0
2191 132 0 0 0 0 0 0 0 0
2235 136 33 0 68 28 0 34 0 0
2236 476 1 1 102 0 0 204 0 0
2238 216 0 0 540 23 0 0 0 0
fn=_dl_map_object_from_fd
866 306 0 0 0 0 0 136 1 1
876 136 34 1 34 0 0 34 0 0
877 102 0 0 0 0 0 34 0 0
883 136 0 0 34 0 0 34 0 0
901 1496 0 0 731 264 1 0 0 0
902 1887 0 0 629 201 0 0 0 0
920 102 2 1 34 0 0 0 0 0
944 136 5 1 34 0 0 34 4 0
954 170 0 0 68 15 0 0 0 0
961 136 0 0 68 0 0 0 0 0
994 68 0 0 0 0 0 0 0 0
997 306 1 1 170 0 0 68 4 0
998 102 0 0 0 0 0 0 0 0
1009 68 0 0 34 0 0 34 5 5
1010 102 0 0 34 0 0 34 0 0
1011 102 0 0 68 0 0 34 0 0
1013 34 0 0 0 0 0 0 0 0
1014 170 0 0 68 0 0 0 0 0
1015 102 0 0 0 0 0 34 0 0
1030 136 0 0 0 0 0 68 0 0
1032 68 34 1 0 0 0 0 0 0
1034 170 0 0 34 0 0 0 0 0
1035 34 0 0 0 0 0 0 0 0
1036 68 0 0 0 0 0 34 0 0
1042 1122 0 0 272 0 0 0 0 0
1043 2020 35 2 381 29 0 0 0 0
1049 102 1 1 34 0 0 0 0 0
1054 68 0 0 34 0 0 34 0 0
1055 102 1 1 34 1 0 34 0 0
1060 4 0 0 2 0 0 2 0 0
1066 476 0 0 204 0 0 68 0 0
1071 408 0 0 136 0 0 0 0 0
1079 204 0 0 68 0 0 0 0 0
1080 204 68 2 34 0 0 68 11 1
1081 544 0 0 136 0 0 68 0 0
1082 68 0 0 0 0 0 68 0 0
1083 272 0 0 68 0 0 68 0 0
1084 272 0 0 68 0 0 136 0 0
1088 204 0 0 68 0 0 0 0 0
1089 170 0 0 34 0 0 34 0 0
1093 204 1 1 68 0 0 68 0 0
1094 510 0 0 136 0 0 34 0 0
1107 9 1 1 3 0 0 0 0 0
1111 3 0 0 0 0 0 3 2 2
1112 6 0 0 3 0 0 3 0 0
1113 6 0 0 3 0 0 0 0 0
1116 9 0 0 0 0 0 3 0 0
1117 6 0 0 3 0 0 3 0 0
1120 3 0 0 0 0 0 3 0 0
1125 12 0 0 3 0 0 0 0 0
1126 136 0 0 68 2 0 34 0 0
1132 102 0 0 34 0 0 34 0 0
1140 68 0 0 34 0 0 34 0 0
1144 68 0 0 34 0 0 34 9 9
1145 68 0 0 34 0 0 34 0 0
1157 68 0 0 0 0 0 0 0 0
1170 102 0 0 34 0 0 0 0 0
1180 204 2 1 68 0 0 0 0 0
1188 34 0 0 0 0 0 0 0 0
1192 136 0 0 34 0 0 0 0 0
1201 102 0 0 34 0 0 34 0 0
1208 136 0 0 34 0 0 0 0 0
1210 170 0 0 34 0 0 0 0 0
1229 102 2 2 34 0 0 0 0 0
1248 102 0 0 34 0 0 34 0 0
1250 238 0 0 102 25 0 0 0 0
1298 68 0 0 34 2 2 0 0 0
1299 9 0 0 3 0 0 3 0 0
1302 136 0 0 0 0 0 0 0 0
1311 102 1 1 34 0 0 0 0 0
1313 136 0 0 68 0 0 34 0 0
1315 170 0 0 68 0 0 0 0 0
1331 68 0 0 0 0 0 0 0 0
1335 102 0 0 34 0 0 0 0 0
1336 102 0 0 34 0 0 0 0 0
1337 25 1 1 10 0 0 0 0 0
1341 10 1 1 5 0 0 5 0 0
1342 10 0 0 0 0 0 5 0 0
1345 15 0 0 0 0 0 0 0 0
1346 10 0 0 5 0 0 0 0 0
1349 20 0 0 5 0 0 5 0 0
1353 102 0 0 34 0 0 0 0 0
1354 6 1 1 2 0 0 2 1 0
1357 136 0 0 136 0 0 136 0 0
1362 102 0 0 34 0 0 0 0 0
1372 170 0 0 68 0 0 0 0 0
1381 68 0 0 34 0 0 0 0 0
1382 12 0 0 3 0 0 0 0 0
1387 6 0 0 0 0 0 3 0 0
1394 102 1 1 34 0 0 0 0 0
1398 170 0 0 68 6 0 0 0 0
1417 170 0 0 374 2 0 0 0 0
fn=add_name_to_object.isra.0
866 34 34 1 0 0 0 306 0 0
fn=add_path.isra.0.constprop.0
1466 83 1 1 0 0 0 747 9 1
fn=cache_rpath.part.0
654 18 0 0 0 0 0 24 0 0
665 12 0 0 6 1 0 0 0 0
668 12 0 0 0 0 0 6 0 0
669 6 0 0 0 0 0 0 0 0
673 0 0 0 0 0 0 0 0 0
674 0 0 0 0 0 0 0 0 0
676 12 0 0 24 0 0 0 0 0
694 1 1 1 1 1 1 0 0 0
fn=decompose_rpath.isra.0
665 6 1 1 0 0 0 0 0 0
fn=expand_dynamic_string_token
378 4 0 0 0 0 0 0 0 0
388 4 0 0 0 0 0 0 0 0
391 2 0 0 0 0 0 0 0 0
392 4 1 1 0 0 0 0 0 0
403 2 0 0 12 0 0 0 0 0
447 1 1 1 0 0 0 9 0 0
fn=fillin_rpath
447 5 0 0 0 0 0 3 0 0
449 1 0 0 0 0 0 0 0 0
451 12 0 0 0 0 0 0 0 0
458 3 0 0 1 0 0 0 0 0
460 3 0 0 1 0 0 0 0 0
464 3 0 0 0 0 0 0 0 0
469 1 0 0 0 0 0 0 0 0
470 3 0 0 0 0 0 0 0 0
477 6 1 1 1 0 0 0 0 0
482 5 1 1 0 0 0 1 0 0
486 19 0 0 7 1 1 1 0 0
487 12 0 0 4 0 0 0 0 0
505 3 1 1 1 0 0 1 0 0
509 15 0 0 4 0 0 4 0 0
511 4 0 0 2 0 0 0 0 0
515 2 0 0 0 0 0 2 0 0
516 1 0 0 0 0 0 0 0 0
517 5 1 1 0 0 0 1 0 0
518 2 0 0 0 0 0 1 1 1
520 7 1 1 4 0 0 1 0 0
521 3 0 0 0 0 0 0 0 0
526 5 0 0 1 0 0 0 0 0
527 50 0 0 0 0 0 0 0 0
528 16 0 0 0 0 0 16 0 0
530 2 0 0 1 0 0 1 0 0
531 2 0 0 1 0 0 0 0 0
532 0 0 0 0 0 0 0 0 0
533 0 0 0 0 0 0 0 0 0
536 3 1 0 1 0 0 1 0 0
538 1 0 0 0 0 0 1 0 0
539 4 0 0 1 0 0 1 0 0
542 3 1 1 1 0 0 1 0 0
544 2 0 0 0 0 0 0 0 0
548 2 0 0 1 0 0 1 0 0
551 3 0 0 9 0 0 0 0 0
fn=open_path
231 56 1 1 0 0 0 336 7 0
1437 102 0 0 34 0 0 34 0 0
1443 136 0 0 68 28 0 34 0 0
1779 170 0 0 0 0 0 170 27 2
1780 34 0 0 34 0 0 0 0 0
1783 34 0 0 0 0 0 34 0 0
1784 170 1 1 0 0 0 34 0 0
1786 68 0 0 0 0 0 0 0 0
1789 33 0 0 0 0 0 0 0 0
1791 544 0 0 170 43 1 34 4 0
1798 34 0 0 0 0 0 0 0 0
1803 170 1 1 68 0 0 0 0 0
1810 204 0 0 102 30 0 0 0 0
1811 4170 1 1 1155 0 0 16 0 0
1814 1632 0 0 544 0 0 0 0 0
1818 509 0 0 181 12 0 0 0 0
1821 98 0 0 0 0 0 49 0 0
1824 215 1 1 83 0 0 0 0 0
1827 440 0 0 196 0 0 98 0 0
1829 144 0 0 48 0 0 0 0 0
1831 32 0 0 0 0 0 0 0 0
1836 32 1 1 16 0 0 0 0 0
1837 176 1 1 64 0 0 0 0 0
1843 112 0 0 16 0 0 16 0 0
1845 80 0 0 0 0 0 0 0 0
1846 2 0 0 1 0 0 0 0 0
1848 67 1 1 16 0 0 0 0 0
1855 96 0 0 0 0 0 0 0 0
1857 64 0 0 0 0 0 0 0 0
1858 102 0 0 34 0 0 34 0 0
1896 264 1 1 66 0 0 0 0 0
1901 99 0 0 33 0 0 33 0 0
1903 198 0 0 66 0 0 66 0 0
1906 66 0 0 0 0 0 0 0 0
1920 165 0 0 363 0 0 0 0 0
fn=open_verify.isra.0.constprop.0
1466 664 0 0 83 0 0 166 4 0
1505 581 1 1 166 23 1 0 0 0
1518 48 0 0 0 0 0 0 0 0
1536 331 0 0 0 0 0 0 0 0
1538 164 0 0 0 0 0 0 0 0
1543 68 0 0 0 0 0 0 0 0
1549 136 1 1 34 0 0 34 0 0
1550 136 0 0 0 0 0 68 4 0
1555 170 0 0 34 0 0 0 0 0
1557 102 0 0 34 0 0 0 0 0
1559 68 0 0 0 0 0 34 0 0
1561 102 0 0 0 0 0 0 0 0
1567 68 0 0 0 0 0 0 0 0
1583 981 11 2 188 14 1 0 0 0
1613 60 30 1 30 0 0 0 0 0
1657 102 1 1 34 0 0 0 0 0
1662 102 0 0 34 0 0 0 0 0
1664 170 0 0 34 0 0 0 0 0
1670 102 0 0 34 6 0 0 0 0
1676 68 0 0 34 0 0 0 0 0
1677 136 0 0 34 0 0 0 0 0
1678 68 0 0 34 0 0 0 0 0
1698 1036 0 0 0 0 0 0 0 0
1699 789 0 0 263 39 4 0 0 0
1700 136 0 0 34 4 1 0 0 0
1704 170 0 0 68 0 0 0 0 0
1705 102 5 1 34 0 0 0 0 0
1729 364 39 2 34 23 1 0 0 0
1731 34 0 0 0 0 0 0 0 0
1732 340 0 0 102 0 0 0 0 0
1735 102 0 0 0 0 0 0 0 0
1740 4 0 0 0 0 0 0 0 0
1741 4 0 0 0 0 0 0 0 0
1744 8 0 0 0 0 0 0 0 0
1747 8 0 0 4 0 0 0 0 0
1748 8 0 0 4 0 0 0 0 0
1749 4 0 0 4 0 0 0 0 0
1750 8 0 0 4 0 0 0 0 0
1751 28 4 1 8 0 0 0 0 0
1754 0 0 0 0 0 0 0 0 0
1756 0 0 0 0 0 0 0 0 0
1761 68 1 1 0 0 0 0 0 0
1765 410 0 0 820 0 0 0 0 0
1779 34 1 1 0 0 0 306 0 0
fl=/build/glibc-2.31/elf/dl-lookup.c
fn=_dl_lookup_symbol_x
961 36 3 1 0 0 0 144 0 0
fn=_dl_setup_hash
964 72 0 0 36 0 0 0 0 0
966 36 0 0 36 0 0 0 0 0
968 72 0 0 36 36 36 36 0 0
969 36 0 0 72 23 23 0 0 0
972 108 0 0 0 0 0 0 0 0
973 36 0 0 0 0 0 36 0 0
974 108 1 1 36 1 1 36 0 0
976 36 0 0 0 0 0 36 0 0
977 36 0 0 0 0 0 0 0 0
981 108 0 0 0 0 0 72 0 0
999 36 0 0 144 0 0 0 0 0
fl=/build/glibc-2.31/elf/dl-minimal.c
fn=???
109 35 0 0 0 0 0 140 0 0
fn=__sigjmp_save
139 55 0 0 0 0 0 0 0 0
140 55 1 1 0 0 0 55 29 2
142 110 0 0 0 0 0 0 0 0
fn=_itoa
262 2 1 1 0 0 0 12 0 0
fn=calloc
92 35 0 0 0 0 0 140 1 0
96 35 0 0 0 0 0 0 0 0
100 280 0 0 0 0 0 0 0 0
103 70 1 1 0 0 0 0 0 0
104 35 0 0 140 0 0 0 0 0
fn=free
111 175 0 0 70 21 0 0 0 0
118 35 0 0 140 0 0 0 0 0
140 55 0 0 0 0 0 0 0 0
fn=malloc
49 336 0 0 0 0 0 448 0 0
50 559 0 0 223 0 0 0 0 0
55 4 0 0 1 0 0 1 0 0
56 5 1 1 2 0 0 0 0 0
57 2 0 0 0 0 0 0 0 0
61 448 1 1 112 0 0 112 0 0
62 112 0 0 0 0 0 0 0 0
64 660 0 0 0 0 0 0 0 0
69 24 0 0 8 0 0 0 0 0
70 32 0 0 0 0 0 0 0 0
72 4 0 0 0 0 0 0 0 0
73 28 0 0 0 0 0 8 0 0
75 8 0 0 0 0 0 0 0 0
77 16 0 0 8 0 0 0 0 0
79 32 0 0 7 0 0 4 0 0
82 224 0 0 112 0 0 0 0 0
83 112 0 0 0 0 0 224 0 0
85 336 0 0 448 0 0 0 0 0
99 35 1 1 0 0 0 0 0 0
fn=strsep
265 4 0 0 2 1 1 0 0 0
267 2 0 0 2 0 0 0 0 0
268 2 0 0 0 0 0 0 0 0
272 89 0 0 15 0 0 0 0 0
277 56 0 0 0 0 0 0 0 0
279 56 0 0 28 0 0 0 0 0
290 1 0 0 0 0 0 1 0 0
294 4 0 0 12 0 0 0 0 0
fn=unsetenv
50 112 1 1 112 27 0 0 0 0
fl=/build/glibc-2.31/elf/dl-misc.c
fn=???
282 837 1 1 0 0 0 3348 2 2
fn=_dl_debug_vdprintf
44 1 1 1 0 0 0 4 1 1
fn=_dl_name_match_p
282 1674 0 0 0 0 0 0 0 0
283 2511 0 0 837 231 0 0 0 0
284 20 0 0 0 0 0 0 0 0
286 837 0 0 837 126 0 0 0 0
288 1709 0 0 0 0 0 0 0 0
289 4460 0 0 892 381 0 0 0 0
292 872 0 0 872 22 0 0 0 0
294 817 0 0 0 0 0 0 0 0
295 837 0 0 3348 0 0 0 0 0
fn=_dl_sysdep_read_whole_file
44 3 0 0 0 0 0 0 0 0
45 2 0 0 0 0 0 0 0 0
47 2 1 1 0 0 0 0 0 0
48 2 0 0 0 0 0 0 0 0
50 6 0 0 0 0 0 0 0 0
52 2 0 0 1 0 0 1 0 0
55 1 0 0 0 0 0 0 0 0
57 8 1 1 0 0 0 2 0 0
68 2 0 0 0 0 0 0 0 0
71 3 0 0 4 0 0 0 0 0
fl=/build/glibc-2.31/elf/dl-object.c
fn=_dl_add_to_namespace_list
31 70 0 0 0 0 0 0 0 0
33 175 0 0 70 17 0 0 0 0
35 140 0 0 35 0 0 0 0 0
38 2516 0 0 629 47 0 0 0 0
40 34 0 0 0 0 0 34 0 0
42 34 0 0 0 0 0 34 0 0
45 2 0 0 0 0 0 1 0 0
46 245 0 0 70 0 0 35 0 0
47 105 0 0 70 0 0 70 0 0
48 105 0 0 0 0 0 70 0 0
50 140 0 0 35 0 0 0 0 0
51 35 0 0 210 0 0 0 0 0
59 35 6 1 0 0 0 315 3 1
fn=_dl_new_object
59 140 0 0 0 0 0 0 0 0
62 140 35 1 35 0 0 35 1 0
64 1 1 1 0 0 0 0 0 0
65 2 0 0 1 0 0 0 0 0
69 6 0 0 2 1 1 0 0 0
74 2 0 0 0 0 0 0 0 0
77 374 0 0 68 21 0 0 0 0
89 105 0 0 0 0 0 35 0 0
92 105 0 0 0 0 0 0 0 0
95 35 35 1 0 0 0 35 17 15
96 105 0 0 0 0 0 35 35 35
99 35 0 0 0 0 0 35 8 8
100 35 0 0 0 0 0 0 0 0
101 175 0 0 35 0 0 35 2 2
103 70 0 0 0 0 0 35 3 3
116 350 0 0 70 2 0 0 0 0
122 35 0 0 0 0 0 0 0 0
124 105 0 0 35 30 30 35 0 0
127 175 0 0 70 2 2 35 0 0
128 105 0 0 0 0 0 35 35 35
129 35 5 1 0 0 0 35 0 0
133 70 0 0 35 0 0 35 0 0
136 85 1 1 1 0 0 0 0 0
138 16 0 0 0 0 0 16 2 2
146 70 0 0 0 0 0 35 0 0
147 70 0 0 0 0 0 35 19 19
152 280 29 0 105 0 0 0 0 0
154 102 0 0 0 0 0 34 0 0
157 208 35 1 34 0 0 0 0 0
161 232 0 0 58 27 0 0 0 0
165 170 33 0 0 0 0 0 0 0
167 1 1 1 0 0 0 0 0 0
173 1 0 0 0 0 0 1 0 0
176 70 33 0 0 0 0 35 0 0
186 105 0 0 0 0 0 35 0 0
188 170 0 0 0 0 0 34 0 0
192 102 0 0 34 0 0 0 0 0
196 68 0 0 0 0 0 0 0 0
197 102 0 0 0 0 0 0 0 0
242 102 34 1 34 0 0 0 0 0
247 638 0 0 0 0 0 0 0 0
248 1914 0 0 638 0 0 0 0 0
250 102 0 0 0 0 0 0 0 0
253 68 0 0 0 0 0 34 0 0
256 34 0 0 0 0 0 34 0 0
260 105 0 0 315 0 0 0 0 0
fn=_dl_setup_hash
31 35 6 1 0 0 0 210 0 0
fl=/build/glibc-2.31/elf/dl-tls.c
fn=_dl_count_modids
113 3 0 0 1 0 0 0 0 0
114 1 1 0 1 0 0 0 0 0
129 1 0 0 0 0 0 0 0 0
fn=_dl_next_tls_modid
48 6 0 0 0 0 0 12 0 0
51 12 0 0 6 0 0 0 0 0
99 9 0 0 3 0 0 3 0 0
103 3 0 0 12 0 0 0 0 0
113 1 1 1 1 1 1 0 0 0
fn=tls_get_addr_tail.isra.0
51 3 2 1 3 3 0 0 0 0
fl=/build/glibc-2.31/elf/dl-tunables.c
fn=__GI___tunables_init
67 252 0 0 36 0 0 0 0 0
70 35 0 0 0 0 0 0 0 0
73 2389 1 1 369 17 17 0 0 0
77 70 0 0 0 0 0 0 0 0
82 210 0 0 35 0 0 35 0 0
215 3 0 0 1 0 0 1 0 0
222 3 0 0 1 0 0 1 0 0
278 4 1 1 1 0 0 0 0 0
287 3 0 0 0 0 0 9 0 0
310 2835 1 1 0 0 0 0 0 0
316 2800 0 0 1400 0 0 0 0 0
328 213 0 0 106 0 0 1 1 1
362 2 1 1 9 0 0 0 0 0
368 34 3 0 0 0 0 68 9 0
fn=__tunable_get_val
371 272 9 1 102 87 1 0 0 0
375 204 7 1 102 0 0 68 0 0
376 34 0 0 0 0 0 0 0 0
397 374 0 0 68 20 0 0 0 0
399 68 0 0 68 0 0 0 0 0
fn=__tunable_set_val
278 1 1 1 1 1 1 0 0 0
fl=/build/glibc-2.31/elf/dl-tunables.h
fn=__GI___tunables_init
119 3065 0 0 690 8 8 0 0 0
120 2035 1 1 0 0 0 0 0 0
fl=/build/glibc-2.31/elf/do-rel.h
fn=_dl_start
83 2 0 0 1 0 0 0 0 0
84 3 0 0 2 0 0 0 0 0
111 98 0 0 0 0 0 0 0 0
112 45 0 0 45 7 7 0 0 0
116 5 0 0 2 0 0 0 0 0
124 39 1 1 0 0 0 0 0 0
136 12 0 0 0 0 0 0 0 0
139 24 0 0 24 1 1 0 0 0
fl=/build/glibc-2.31/elf/get-dynamic-info.h
fn=_dl_map_object_from_fd
42 68 1 1 0 0 0 0 0 0
46 34 0 0 0 0 0 0 0 0
48 3747 0 0 1249 186 186 0 0 0
50 2430 0 0 0 0 0 0 0 0
63 679 0 0 0 0 0 0 0 0
64 713 0 0 0 0 0 181 44 44
65 102 0 0 0 0 0 0 0 0
66 68 0 0 0 0 0 0 0 0
67 34 0 0 0 0 0 0 0 0
68 170 0 0 0 0 0 0 0 0
69 136 0 0 0 0 0 0 0 0
70 34 0 0 0 0 0 0 0 0
71 170 0 0 0 0 0 0 0 0
72 102 0 0 0 0 0 0 0 0
73 1034 1 1 0 0 0 1034 63 63
81 68 0 0 0 0 0 0 0 0
101 80 1 1 38 0 0 4 0 0
102 170 0 0 68 0 0 34 0 0
103 170 0 0 68 0 0 34 0 0
104 170 0 0 68 0 0 34 0 0
106 68 0 0 34 0 0 0 0 0
109 170 1 1 68 0 0 34 0 0
111 170 0 0 68 0 0 34 0 0
112 167 0 0 67 0 0 33 0 0
113 238 0 0 68 0 0 34 0 0
118 68 0 0 34 0 0 0 0 0
125 170 0 0 34 0 0 0 0 0
130 68 0 0 34 0 0 0 0 0
131 0 0 0 0 0 0 0 0 0
134 68 0 0 34 0 0 0 0 0
135 136 0 0 68 0 0 0 0 0
149 68 1 1 34 0 0 0 0 0
154 46 0 0 23 0 0 23 6 6
156 23 0 0 0 0 0 0 0 0
157 46 0 0 0 0 0 5 0 0
158 23 0 0 0 0 0 0 0 0
159 46 0 0 0 0 0 0 0 0
160 23 0 0 0 0 0 0 0 0
161 46 0 0 0 0 0 20 0 0
163 102 0 0 34 0 0 0 0 0
165 44 0 0 22 0 0 22 0 0
166 22 0 0 0 0 0 0 0 0
167 66 0 0 0 0 0 3 0 0
175 110 1 1 44 18 1 0 0 0
180 22 0 0 0 0 0 0 0 0
181 66 0 0 20 0 0 20 0 0
183 68 0 0 34 0 0 0 0 0
185 0 0 0 0 0 0 0 0 0
fn=_dl_start
48 42 0 0 19 3 3 0 0 0
50 36 0 0 0 0 0 0 0 0
51 52 0 0 13 0 0 13 2 2
63 20 0 0 0 0 0 0 0 0
64 16 1 1 1 0 0 4 1 1
65 3 1 1 0 0 0 0 0 0
66 2 0 0 0 0 0 0 0 0
67 4 0 0 1 0 0 0 0 0
68 5 1 1 0 0 0 0 0 0
70 3 0 0 1 0 0 0 0 0
71 4 1 1 0 0 0 0 0 0
72 4 0 0 0 0 0 0 0 0
73 5 0 0 1 1 1 1 1 1
81 2 0 0 0 0 0 0 0 0
101 7 1 1 3 0 0 1 0 0
102 7 0 0 3 0 0 1 0 0
103 7 0 0 3 0 0 1 0 0
104 7 1 1 3 0 0 1 0 0
109 7 0 0 3 0 0 1 0 0
111 7 0 0 3 0 0 1 0 0
112 7 0 0 3 0 0 1 0 0
113 7 1 1 3 0 0 1 0 0
118 4 0 0 2 0 0 0 0 0
121 3 0 0 1 0 0 0 0 0
134 4 0 0 2 0 0 0 0 0
135 4 0 0 2 0 0 0 0 0
139 4 1 1 2 0 0 0 0 0
142 4 0 0 2 1 1 0 0 0
146 5 0 0 2 0 0 0 0 0
147 3 0 0 1 0 0 0 0 0
fn=dl_main
33 1 0 0 1 0 0 0 0 0
42 2 0 0 0 0 0 0 0 0
46 1 0 0 0 0 0 0 0 0
48 108 0 0 36 6 6 0 0 0
50 70 0 0 0 0 0 0 0 0
63 30 0 0 0 0 0 0 0 0
64 20 0 0 0 0 0 5 1 1
65 3 0 0 0 0 0 0 0 0
66 2 0 0 0 0 0 0 0 0
67 1 0 0 0 0 0 0 0 0
68 5 1 1 0 0 0 0 0 0
69 4 0 0 0 0 0 0 0 0
70 1 0 0 0 0 0 0 0 0
71 5 0 0 0 0 0 0 0 0
72 3 0 0 0 0 0 0 0 0
73 30 1 1 0 0 0 30 2 2
81 3 0 0 1 0 0 0 0 0
101 2 0 0 1 0 0 0 0 0
102 5 1 1 2 0 0 1 0 0
103 5 0 0 2 0 0 1 0 0
104 5 0 0 2 0 0 1 0 0
106 2 0 0 1 0 0 0 0 0
109 5 0 0 2 0 0 1 0 0
111 5 1 1 2 0 0 1 0 0
112 5 0 0 2 0 0 1 0 0
113 5 0 0 2 0 0 1 0 0
118 2 0 0 1 0 0 0 0 0
125 5 0 0 1 0 0 0 0 0
130 2 0 0 1 0 0 0 0 0
131 0 0 0 0 0 0 0 0 0
134 2 1 1 1 0 0 0 0 0
135 4 0 0 2 0 0 0 0 0
149 2 0 0 1 0 0 0 0 0
154 2 0 0 1 0 0 1 0 0
156 1 0 0 0 0 0 0 0 0
157 2 0 0 0 0 0 0 0 0
158 1 0 0 0 0 0 0 0 0
159 2 0 0 0 0 0 0 0 0
160 1 0 0 0 0 0 0 0 0
161 2 0 0 0 0 0 1 0 0
163 2 0 0 1 0 0 0 0 0
165 2 1 1 1 0 0 1 0 0
166 1 0 0 0 0 0 0 0 0
167 3 0 0 0 0 0 0 0 0
175 5 0 0 2 0 0 0 0 0
180 1 0 0 0 0 0 0 0 0
181 3 0 0 1 0 0 1 0 0
183 2 0 0 1 0 0 0 0 0
185 0 0 0 0 0 0 0 0 0
fl=/build/glibc-2.31/elf/rtld.c
fn=???
802 35 10 0 35 25 1 0 0 0
fn=_dl_start
430 3 0 0 0 0 0 0 0 0
431 1 0 0 0 0 0 1 0 0
432 3 0 0 1 0 0 1 0 0
433 3 0 0 1 0 0 1 0 0
434 3 0 0 1 0 0 1 1 1
443 3 0 0 1 0 0 1 0 0
449 4 0 0 2 0 0 0 0 0
463 5 0 0 0 0 0 10 2 2
504 3 0 0 1 0 0 1 0 0
507 3 0 0 1 0 0 1 1 1
518 2 1 1 0 0 0 0 0 0
523 27 1 1 11 0 0 0 0 0
525 5 0 0 2 1 1 1 0 0
858 1 1 1 0 0 0 9 0 0
fn=dl_main
1090 9 0 0 1 0 0 5 1 1
1096 2 0 0 0 0 0 0 0 0
1099 2 0 0 0 0 0 1 0 0
1102 5 0 0 2 0 0 1 0 0
1106 3 1 1 1 0 0 1 1 1
1107 3 0 0 1 0 0 1 0 0
1112 3 0 0 1 0 0 1 0 0
1122 6 0 0 3 0 0 0 0 0
1330 10 2 2 1 1 1 2 0 0
1332 3 0 0 0 0 0 0 0 0
1333 1 0 0 0 0 0 1 0 0
1334 2 0 0 1 0 0 1 0 0
1335 3 0 0 2 0 0 1 0 0
1339 2 0 0 0 0 0 0 0 0
1340 5 0 0 2 0 0 0 0 0
1361 2 0 0 0 0 0 1 0 0
1362 1 0 0 0 0 0 1 0 0
1364 2 0 0 0 0 0 1 0 0
1366 3 1 1 1 0 0 1 0 0
1369 36 1 1 10 0 0 0 0 0
1370 71 0 0 15 5 4 0 0 0
1374 4 1 1 1 0 0 1 0 0
1379 5 0 0 2 0 0 1 0 0
1388 5 0 0 2 0 0 2 0 0
1389 3 0 0 2 0 0 0 0 0
1391 8 1 1 2 1 1 3 0 0
1398 4 1 1 2 0 0 0 0 0
1410 5 0 0 1 0 0 1 0 0
1412 3 0 0 0 0 0 1 0 0
1416 1 0 0 0 0 0 0 0 0
1424 4 0 0 2 0 0 0 0 0
1425 13 2 2 6 0 0 1 0 0
1426 4 0 0 2 0 0 0 0 0
1427 4 0 0 0 0 0 1 0 0
1430 6 0 0 2 1 1 0 0 0
1431 4 0 0 2 0 0 0 0 0
1432 4 0 0 0 0 0 2 0 0
1433 13 0 0 3 0 0 2 0 0
1434 3 0 0 0 0 0 2 0 0
1456 3 0 0 1 0 0 1 0 0
1461 9 2 2 3 0 0 4 0 0
1465 2 0 0 1 0 0 1 0 0
1466 2 0 0 1 1 1 1 0 0
1478 2 0 0 1 0 0 0 0 0
1480 0 0 0 0 0 0 0 0 0
1481 2 0 0 1 0 0 0 0 0
1482 0 0 0 0 0 0 0 0 0
1483 3 0 0 1 0 0 0 0 0
1485 5 1 1 2 0 0 0 0 0
1498 4 0 0 2 0 0 0 0 0
1499 5 0 0 2 0 0 0 0 0
1500 1 0 0 1 0 0 0 0 0
1501 3 0 0 2 0 0 0 0 0
1504 3 0 0 1 0 0 1 0 0
1506 2 0 0 0 0 0 1 1 1
1507 2 0 0 0 0 0 1 0 0
1509 3 0 0 1 0 0 0 0 0
1510 2 1 1 0 0 0 1 0 0
1514 5 0 0 2 0 0 0 0 0
1516 3 0 0 1 0 0 0 0 0
1521 2 0 0 0 0 0 0 0 0
1524 3 0 0 1 0 0 0 0 0
1549 13 1 1 2 0 0 1 0 0
1554 4 2 2 2 1 1 0 0 0
1557 6 0 0 2 0 0 1 0 0
1559 2 0 0 0 0 0 1 0 0
1564 3 0 0 1 0 0 0 0 0
1567 4 0 0 2 0 0 1 0 0
1568 6 1 1 2 0 0 1 0 0
1569 2 0 0 0 0 0 1 0 0
1570 1 0 0 0 0 0 1 0 0
1571 3 0 0 1 0 0 1 0 0
1572 6 0 0 2 0 0 2 0 0
1577 5 0 0 2 0 0 0 0 0
1578 6 1 1 1 0 0 1 0 0
1595 5 0 0 2 1 1 0 0 0
1596 3 1 1 1 0 0 0 0 0
1598 3 0 0 1 0 0 0 0 0
1600 3 0 0 1 0 0 1 0 0
1601 2 0 0 1 0 0 1 0 0
1606 4 0 0 0 0 0 0 0 0
1607 8 0 0 1 1 1 0 0 0
1609 4 1 1 2 1 1 1 1 1
1610 2 0 0 1 1 1 1 0 0
1611 1 0 0 0 0 0 0 0 0
1615 5 1 1 2 0 0 0 0 0
1620 2 0 0 0 0 0 1 0 0
1621 5 0 0 2 0 0 0 0 0
1622 7 0 0 4 1 1 1 0 0
1640 2 0 0 0 0 0 1 0 0
1648 2 0 0 1 0 0 0 0 0
1651 2 0 0 1 0 0 1 0 0
1655 4 1 1 2 0 0 0 0 0
1656 0 0 0 0 0 0 0 0 0
1660 3 0 0 1 0 0 1 0 0
1661 1 0 0 0 0 0 0 0 0
1662 1 0 0 0 0 0 0 0 0
1666 5 0 0 2 0 0 0 0 0
1682 4 0 0 2 0 0 0 0 0
1684 1 0 0 0 0 0 0 0 0
1686 5 1 1 2 0 0 0 0 0
1690 6 2 2 1 1 1 0 0 0
1694 5 0 0 2 1 0 0 0 0
1709 7 0 0 1 0 0 0 0 0
1785 4 0 0 2 0 0 0 0 0
1789 7 2 2 0 0 0 0 0 0
1790 2 0 0 0 0 0 0 0 0
1793 2 0 0 0 0 0 1 0 0
1794 1 0 0 1 0 0 0 0 0
1795 2 0 0 0 0 0 0 0 0
1796 2 0 0 0 0 0 0 0 0
1805 10 1 1 1 0 0 1 0 0
2533 5 0 0 2 1 1 1 0 0
2535 1 0 0 0 0 0 1 0 0
2536 1 0 0 0 0 0 0 0 0
2540 11 0 0 4 0 0 1 0 0
2542 15 0 0 0 0 0 0 0 0
2546 111 1 1 21 0 0 0 0 0
2547 19 0 0 0 0 0 0 0 0
2549 4 0 0 0 0 0 0 0 0
2555 14 0 0 2 2 1 0 0 0
2576 7 2 2 1 1 1 0 0 0
2583 7 0 0 1 0 0 0 0 0
2585 4 0 0 1 0 0 1 0 0
2586 1 0 0 0 0 0 0 0 0
2631 5 2 2 2 1 1 0 0 0
2632 7 0 0 1 0 0 0 0 0
2634 4 0 0 1 0 0 1 0 0
2635 1 0 0 0 0 0 0 0 0
2674 3 0 0 1 1 1 0 0 0
2677 2 0 0 1 0 0 0 0 0
2685 3 1 1 1 0 0 0 0 0
2704 6 1 0 2 0 0 0 0 0
2736 7 1 1 2 0 0 0 0 0
fn=do_preload
606 1 1 0 0 0 0 3 1 1
768 5 1 1 0 0 0 0 0 0
770 2 0 0 0 0 0 1 0 0
774 1 0 0 0 0 0 2 0 0
776 2 0 0 0 0 0 1 0 0
778 3 0 0 2 1 1 0 0 0
780 8 0 0 1 0 0 1 0 0
781 2 0 0 1 0 0 0 0 0
789 4 0 0 1 0 0 0 0 0
795 2 0 0 6 0 0 0 0 0
fn=dso_name_valid_for_suid
167 2 0 0 0 0 0 2 0 0
168 3 0 0 1 0 0 0 0 0
176 4 0 0 1 0 0 0 0 0
177 1 1 0 2 0 0 0 0 0
fn=handle_preload_list
858 2 0 0 0 0 0 0 0 0
859 3 0 0 0 0 0 0 0 0
863 4 1 0 2 1 0 0 0 0
866 8 1 1 1 1 0 0 0 0
867 5 0 0 0 0 0 0 0 0
869 4 0 0 0 0 0 1 0 0
870 3 0 0 1 0 0 1 0 0
873 3 0 0 0 0 0 0 0 0
876 1 0 0 0 0 0 0 0 0
877 5 0 0 1 0 0 0 0 0
880 1 0 0 0 0 0 0 0 0
881 6 1 0 0 0 0 0 0 0
884 4 1 0 9 0 0 0 0 0
1090 1 1 1 0 0 0 9 0 0
fn=map_doit
606 2 0 0 0 0 0 0 0 0
608 1 0 0 1 0 0 0 0 0
609 10 1 1 2 0 0 3 0 0
611 2 0 0 3 0 0 0 0 0
fn=print_missing_version
768 1 1 1 0 0 0 6 0 0
fn=process_dl_debug
168 1 1 1 1 1 1 0 0 0
fn=rtld_lock_default_lock_recursive
802 70 0 0 0 0 0 35 0 0
803 35 0 0 0 0 0 0 0 0
808 35 0 0 35 0 0 0 0 0
fn=rtld_lock_default_unlock_recursive
808 70 0 0 0 0 0 35 0 0
809 35 0 0 0 0 0 0 0 0
fn=version_check_doit
463 1 1 1 1 1 1 0 0 0
fl=/build/glibc-2.31/io/../sysdeps/unix/sysv/linux/access.c
fn=access
25 1 0 0 0 0 0 1 0 0
27 8 0 0 1 1 0 1 0 0
31 1 0 0 1 0 0 0 0 0
fn=lseek64
27 1 1 1 0 0 0 0 0 0
fl=/build/glibc-2.31/io/../sysdeps/unix/sysv/linux/close_nocancel.c
fn=__GI___close_nocancel
25 35 0 0 0 0 0 35 0 0
26 105 0 0 0 0 0 0 0 0
27 35 0 0 35 0 0 0 0 0
fn=access
26 35 34 1 0 0 0 0 0 0
fl=/build/glibc-2.31/io/../sysdeps/unix/sysv/linux/fxstat64.c
fn=__fxstat64
34 35 0 0 0 0 0 35 0 0
37 175 0 0 0 0 0 0 0 0
46 35 0 0 35 0 0 0 0 0
fn=__xstat64
37 35 1 1 0 0 0 0 0 0
fl=/build/glibc-2.31/io/../sysdeps/unix/sysv/linux/open64_nocancel.c
fn=__open64_nocancel
34 336 0 0 84 0 0 84 0 0
37 504 35 1 0 0 0 0 0 0
45 742 0 0 48 27 1 48 23 0
47 332 33 0 83 0 0 0 0 0
fn=__open_nocancel
34 84 35 1 0 0 0 252 8 2
fl=/build/glibc-2.31/io/../sysdeps/unix/sysv/linux/read_nocancel.c
fn=__openat64_nocancel
26 34 34 1 0 0 0 0 0 0
fn=__read_nocancel
25 34 0 0 0 0 0 34 0 0
26 102 0 0 0 0 0 0 0 0
27 34 0 0 34 0 0 0 0 0
fl=/build/glibc-2.31/io/../sysdeps/unix/sysv/linux/xstat64.c
fn=__profile_frequency
33 16 1 1 0 0 0 0 0 0
fn=__xstat64
31 16 0 0 0 0 0 16 0 0
33 155 0 0 15 1 0 15 0 0
35 16 0 0 16 0 0 0 0 0
fl=/build/glibc-2.31/malloc/scratch_buffer_set_array_size.c
fn=__libc_scratch_buffer_set_array_size
30 8 0 0 0 0 0 0 0 0
31 4 0 0 0 0 0 0 0 0
34 20 0 0 0 0 0 0 0 0
35 16 0 0 0 0 0 0 0 0
45 12 0 0 4 0 0 0 0 0
46 8 3 1 0 0 0 0 0 0
63 4 0 0 16 0 0 0 0 0
fn=__write_nocancel
30 4 3 1 0 0 0 16 0 0
fl=/build/glibc-2.31/misc/../sysdeps/unix/syscall-template.S
fn=???
78 34 1 1 0 0 0 34 0 0
fn=mprotect
78 136 0 0 34 0 0 0 0 0
79 68 0 0 0 0 0 0 0 0
fl=/build/glibc-2.31/misc/../sysdeps/unix/sysv/linux/mmap.c
fn=__libc_scratch_buffer_set_array_size
35 88 3 1 0 0 0 264 9 3
fn=mmap
35 88 0 0 88 0 0 0 0 0
38 176 0 0 0 0 0 0 0 0
42 616 0 0 88 0 0 0 0 0
48 88 0 0 264 0 0 0 0 0
fl=/build/glibc-2.31/posix/../sysdeps/unix/syscall-template.S
fn=???
78 1 1 1 0 0 0 1 1 1
fn=uname
78 4 0 0 1 0 0 0 0 0
79 2 0 0 0 0 0 0 0 0
fl=/build/glibc-2.31/setjmp/../sysdeps/arm/setjmp.S
fn=???
27 55 1 1 55 20 1 0 0 0
fn=__sigsetjmp
27 110 0 0 55 0 0 0 0 0
29 55 0 0 0 0 0 0 0 0
33 55 0 0 0 0 0 0 0 0
37 55 0 0 0 0 0 0 0 0
38 55 0 0 0 0 0 0 0 0
39 55 0 0 0 0 0 55 6 0
40 55 0 0 0 0 0 0 0 0
41 55 0 0 0 0 0 55 0 0
47 55 0 0 0 0 0 440 15 2
56 165 0 0 110 3 0 0 0 0
78 55 0 0 0 0 0 440 25 2
82 55 1 0 0 0 0 0 0 0
83 55 0 0 0 0 0 0 0 0
97 55 0 0 0 0 0 0 0 0
fl=/build/glibc-2.31/string/../sysdeps/arm/armv6/strchr.S
fn=???
28 91 1 1 91 15 12 0 0 0
fn=index
29 91 0 0 0 0 0 0 0 0
37 91 0 0 0 0 0 0 0 0
38 91 0 0 0 0 0 0 0 0
39 91 0 0 0 0 0 0 0 0
40 91 0 0 0 0 0 0 0 0
41 91 0 0 0 0 0 0 0 0
42 91 0 0 0 0 0 0 0 0
45 1042 0 0 1042 11 10 0 0 0
46 1042 0 0 0 0 0 0 0 0
47 1042 0 0 0 0 0 0 0 0
48 1042 0 0 0 0 0 0 0 0
49 1042 0 0 0 0 0 0 0 0
50 1042 0 0 0 0 0 0 0 0
51 1042 0 0 0 0 0 0 0 0
54 90 0 0 0 0 0 0 0 0
55 90 0 0 0 0 0 0 0 0
56 90 0 0 0 0 0 0 0 0
57 90 0 0 0 0 0 0 0 0
58 78 0 0 0 0 0 0 0 0
61 78 0 0 0 0 0 312 8 1
68 78 0 0 156 5 4 0 0 0
69 78 0 0 0 0 0 0 0 0
71 78 0 0 0 0 0 0 0 0
72 78 1 1 0 0 0 0 0 0
73 78 0 0 0 0 0 0 0 0
78 78 0 0 0 0 0 0 0 0
85 106 0 0 0 0 0 0 0 0
86 106 0 0 0 0 0 0 0 0
87 106 0 0 0 0 0 0 0 0
88 106 0 0 0 0 0 0 0 0
89 106 0 0 0 0 0 0 0 0
90 106 0 0 0 0 0 0 0 0
91 106 0 0 0 0 0 0 0 0
92 106 0 0 0 0 0 0 0 0
93 106 0 0 0 0 0 0 0 0
94 106 0 0 0 0 0 0 0 0
95 106 0 0 0 0 0 0 0 0
96 106 0 0 56 2 2 0 0 0
97 106 0 0 0 0 0 0 0 0
103 78 0 0 0 0 0 0 0 0
104 78 0 0 0 0 0 0 0 0
105 78 0 0 0 0 0 0 0 0
106 78 0 0 0 0 0 0 0 0
107 78 0 0 0 0 0 0 0 0
108 78 0 0 0 0 0 0 0 0
113 78 0 0 0 0 0 0 0 0
119 78 0 0 0 0 0 0 0 0
120 78 0 0 0 0 0 0 0 0
121 78 0 0 0 0 0 0 0 0
122 78 0 0 0 0 0 0 0 0
123 78 0 0 0 0 0 0 0 0
124 78 0 0 0 0 0 0 0 0
126 78 0 0 312 0 0 0 0 0
135 91 1 1 0 0 0 0 0 0
136 91 0 0 0 0 0 0 0 0
137 91 0 0 0 0 0 0 0 0
138 91 0 0 0 0 0 0 0 0
fl=/build/glibc-2.31/string/../sysdeps/arm/armv6t2/strlen.S
fn=???
54 175 1 1 0 0 0 0 0 0
fn=strlen
55 175 0 0 0 0 0 350 0 0
60 175 0 0 0 0 0 0 0 0
61 175 0 0 0 0 0 0 0 0
62 175 0 0 0 0 0 0 0 0
63 175 0 0 0 0 0 0 0 0
64 175 0 0 0 0 0 0 0 0
65 80 0 0 0 0 0 0 0 0
66 80 0 0 0 0 0 0 0 0
69 182 0 0 364 1 1 0 0 0
70 182 0 0 0 0 0 0 0 0
71 182 0 0 0 0 0 0 0 0
73 277 0 0 0 0 0 0 0 0
74 277 0 0 0 0 0 0 0 0
75 277 0 0 0 0 0 0 0 0
76 277 0 0 0 0 0 0 0 0
77 277 1 1 0 0 0 0 0 0
80 262 0 0 524 1 1 0 0 0
81 262 0 0 0 0 0 0 0 0
82 262 0 0 0 0 0 0 0 0
83 262 0 0 0 0 0 0 0 0
84 262 0 0 0 0 0 0 0 0
85 262 0 0 0 0 0 0 0 0
86 262 0 0 0 0 0 0 0 0
89 204 0 0 408 0 0 0 0 0
90 204 0 0 0 0 0 0 0 0
91 204 0 0 0 0 0 0 0 0
92 204 0 0 0 0 0 0 0 0
93 204 0 0 0 0 0 0 0 0
94 204 0 0 0 0 0 0 0 0
95 204 0 0 0 0 0 0 0 0
98 120 0 0 240 0 0 0 0 0
99 120 0 0 0 0 0 0 0 0
100 120 0 0 0 0 0 0 0 0
101 120 0 0 0 0 0 0 0 0
102 120 0 0 0 0 0 0 0 0
103 120 0 0 0 0 0 0 0 0
104 120 0 0 0 0 0 0 0 0
105 120 0 0 0 0 0 0 0 0
106 120 0 0 0 0 0 0 0 0
109 175 1 1 0 0 0 0 0 0
110 175 0 0 0 0 0 0 0 0
111 175 0 0 0 0 0 0 0 0
112 175 0 0 0 0 0 0 0 0
114 175 0 0 0 0 0 0 0 0
116 175 0 0 0 0 0 0 0 0
117 175 0 0 350 0 0 0 0 0
121 175 0 0 0 0 0 0 0 0
122 175 0 0 0 0 0 0 0 0
126 95 0 0 190 0 0 0 0 0
127 95 0 0 0 0 0 0 0 0
128 95 0 0 0 0 0 0 0 0
129 95 0 0 0 0 0 0 0 0
130 95 1 1 0 0 0 0 0 0
131 95 0 0 0 0 0 0 0 0
132 95 0 0 0 0 0 0 0 0
133 95 0 0 0 0 0 0 0 0
134 95 0 0 0 0 0 0 0 0
135 95 0 0 0 0 0 0 0 0
136 95 0 0 0 0 0 0 0 0
137 95 0 0 0 0 0 0 0 0
138 95 0 0 0 0 0 0 0 0
fl=/build/glibc-2.31/string/../sysdeps/arm/armv7/multiarch/memcpy_impl.S
fn=memcpy
269 290 1 1 0 0 0 0 0 0
270 290 0 0 0 0 0 0 0 0
271 290 0 0 0 0 0 0 0 0
301 286 0 0 0 0 0 0 0 0
302 286 0 0 0 0 0 0 0 0
303 286 0 0 0 0 0 0 0 0
309 3814 1 1 1621 13 0 1621 103 85
312 286 1 1 0 0 0 0 0 0
313 286 0 0 138 1 1 0 0 0
314 286 0 0 155 1 1 0 0 0
315 286 0 0 0 0 0 138 7 7
316 286 0 0 0 0 0 155 5 5
317 286 0 0 0 0 0 0 0 0
321 6 0 0 0 0 0 6 0 0
325 6 0 0 0 0 0 0 0 0
326 6 0 0 0 0 0 0 0 0
327 6 0 0 0 0 0 0 0 0
328 6 2 1 0 0 0 0 0 0
340 4 0 0 0 0 0 0 0 0
341 4 0 0 0 0 0 0 0 0
353 4 0 0 0 0 0 0 0 0
354 4 0 0 0 0 0 0 0 0
356 4 0 0 0 0 0 0 0 0
357 4 0 0 0 0 0 0 0 0
395 4 1 1 0 0 0 0 0 0
396 4 0 0 0 0 0 0 0 0
398 4 0 0 8 0 0 0 0 0
399 4 0 0 0 0 0 8 1 1
400 4 0 0 8 0 0 0 0 0
401 4 0 0 0 0 0 8 1 1
402 4 0 0 8 0 0 0 0 0
403 4 0 0 0 0 0 8 1 1
404 4 0 0 8 0 0 0 0 0
405 4 0 0 0 0 0 8 1 1
406 4 0 0 8 0 0 0 0 0
407 4 0 0 0 0 0 8 0 0
408 4 0 0 8 0 0 0 0 0
409 4 0 0 0 0 0 8 1 1
410 4 0 0 8 0 0 0 0 0
411 4 0 0 0 0 0 8 0 0
412 4 1 1 8 0 0 0 0 0
413 4 0 0 0 0 0 8 0 0
414 4 0 0 0 0 0 0 0 0
415 4 0 0 0 0 0 0 0 0
416 4 0 0 0 0 0 0 0 0
417 4 0 0 0 0 0 0 0 0
426 4 0 0 0 0 0 0 0 0
427 4 0 0 0 0 0 0 0 0
436 4 0 0 0 0 0 0 0 0
437 4 0 0 0 0 0 0 0 0
438 4 0 0 0 0 0 0 0 0
443 8 0 0 0 0 0 0 0 0
446 4 1 1 0 0 0 0 0 0
447 4 0 0 0 0 0 0 0 0
448 4 0 0 0 0 0 0 0 0
449 4 1 1 0 0 0 0 0 0
450 4 0 0 3 0 0 0 0 0
451 4 0 0 1 0 0 0 0 0
452 4 0 0 0 0 0 3 0 0
453 4 0 0 0 0 0 1 0 0
456 4 0 0 4 0 0 0 0 0
459 4 0 0 0 0 0 0 0 0
598 2 1 1 0 0 0 0 0 0
599 2 0 0 0 0 0 0 0 0
603 2 0 0 0 0 0 0 0 0
604 2 0 0 0 0 0 0 0 0
605 2 0 0 0 0 0 0 0 0
606 2 0 0 0 0 0 0 0 0
607 2 0 0 0 0 0 0 0 0
608 2 0 0 2 0 0 0 0 0
609 2 0 0 0 0 0 2 0 0
610 2 0 0 0 0 0 0 0 0
611 2 0 0 0 0 0 0 0 0
612 2 0 0 0 0 0 0 0 0
613 2 0 0 0 0 0 0 0 0
614 2 0 0 0 0 0 0 0 0
616 2 0 0 0 0 0 0 0 0
617 2 0 0 0 0 0 0 0 0
618 2 1 1 0 0 0 0 0 0
619 2 0 0 0 0 0 0 0 0
620 2 0 0 0 0 0 0 0 0
651 2 0 0 0 0 0 0 0 0
652 2 0 0 0 0 0 0 0 0
653 2 0 0 0 0 0 0 0 0
654 2 0 0 2 0 0 0 0 0
655 2 0 0 2 0 0 0 0 0
656 2 0 0 0 0 0 4 0 0
659 2 0 0 2 0 0 0 0 0
660 2 0 0 2 0 0 0 0 0
661 2 0 0 0 0 0 4 0 0
664 2 0 0 2 0 0 0 0 0
665 2 0 0 2 0 0 0 0 0
666 2 0 0 0 0 0 4 0 0
669 2 0 0 2 0 0 0 0 0
670 2 1 1 2 0 0 0 0 0
671 2 0 0 0 0 0 0 0 0
689 2 1 1 0 0 0 4 1 1
690 2 0 0 2 0 0 0 0 0
691 2 1 1 2 0 0 0 0 0
692 2 0 0 0 0 0 4 0 0
693 2 0 0 2 0 0 0 0 0
694 2 0 0 2 0 0 0 0 0
695 2 0 0 0 0 0 4 0 0
696 2 0 0 2 0 0 0 0 0
697 2 0 0 2 0 0 0 0 0
698 2 0 0 0 0 0 4 0 0
699 2 0 0 2 0 0 0 0 0
700 2 0 0 2 0 0 0 0 0
701 2 0 0 0 0 0 0 0 0
704 2 0 0 0 0 0 4 0 0
705 2 0 0 0 0 0 0 0 0
706 2 0 0 0 0 0 4 1 1
707 2 0 0 4 0 0 0 0 0
710 2 0 0 0 0 0 4 0 0
711 2 1 1 4 0 0 0 0 0
714 2 0 0 0 0 0 4 0 0
715 2 0 0 4 0 0 0 0 0
718 2 0 0 0 0 0 0 0 0
719 2 0 0 0 0 0 0 0 0
721 2 0 0 2 0 0 0 0 0
724 2 0 0 0 0 0 0 0 0
fl=/build/glibc-2.31/string/../sysdeps/arm/armv7/strcmp.S
fn=???
152 1000 0 0 0 0 0 0 0 0
153 1000 0 0 0 0 0 0 0 0
158 3152 1 1 3152 0 0 0 0 0
fn=strcmp
159 3152 0 0 3152 881 35 0 0 0
160 3152 0 0 0 0 0 0 0 0
161 3152 0 0 0 0 0 0 0 0
162 3152 0 0 0 0 0 0 0 0
163 3152 0 0 0 0 0 0 0 0
165 2152 0 0 0 0 0 4304 0 0
169 2152 0 0 0 0 0 0 0 0
170 2152 0 0 0 0 0 4304 0 0
173 2152 0 0 0 0 0 0 0 0
174 2152 0 0 0 0 0 0 0 0
175 2152 0 0 0 0 0 0 0 0
178 2044 0 0 0 0 0 0 0 0
179 2044 0 0 0 0 0 0 0 0
180 2044 0 0 0 0 0 0 0 0
184 79 0 0 0 0 0 0 0 0
185 79 1 1 0 0 0 0 0 0
186 79 0 0 0 0 0 0 0 0
187 79 0 0 0 0 0 0 0 0
188 79 0 0 0 0 0 0 0 0
189 79 0 0 158 0 0 0 0 0
190 79 0 0 0 0 0 0 0 0
191 79 0 0 158 0 0 0 0 0
192 79 0 0 0 0 0 0 0 0
193 79 0 0 0 0 0 0 0 0
194 79 0 0 0 0 0 0 0 0
195 79 0 0 0 0 0 0 0 0
196 42 0 0 0 0 0 0 0 0
197 42 0 0 0 0 0 0 0 0
198 42 0 0 0 0 0 0 0 0
199 42 0 0 0 0 0 0 0 0
200 42 0 0 0 0 0 0 0 0
207 110 0 0 220 0 0 0 0 0
208 110 0 0 220 0 0 0 0 0
210 189 1 1 0 0 0 0 0 0
211 189 0 0 0 0 0 0 0 0
212 189 0 0 0 0 0 0 0 0
213 189 0 0 0 0 0 0 0 0
214 92 0 0 0 0 0 0 0 0
215 92 0 0 0 0 0 0 0 0
216 92 0 0 0 0 0 0 0 0
217 92 0 0 0 0 0 0 0 0
219 45 0 0 90 0 0 0 0 0
220 45 0 0 90 7 1 0 0 0
221 45 0 0 0 0 0 0 0 0
222 45 0 0 0 0 0 0 0 0
223 45 0 0 0 0 0 0 0 0
224 45 0 0 0 0 0 0 0 0
225 45 0 0 0 0 0 0 0 0
226 45 1 1 0 0 0 0 0 0
228 45 0 0 0 0 0 0 0 0
229 45 0 0 0 0 0 0 0 0
232 43 0 0 0 0 0 0 0 0
235 550 0 0 200 0 0 0 0 0
239 1507 0 0 548 0 0 0 0 0
243 1965 1 1 0 0 0 0 0 0
244 1965 0 0 0 0 0 0 0 0
245 300 0 0 0 0 0 0 0 0
246 300 0 0 0 0 0 0 0 0
251 242 0 0 242 0 0 0 0 0
252 242 0 0 242 0 0 0 0 0
254 318 0 0 0 0 0 0 0 0
255 318 0 0 0 0 0 0 0 0
256 318 0 0 0 0 0 0 0 0
257 318 0 0 0 0 0 0 0 0
258 106 0 0 106 0 0 0 0 0
259 106 0 0 106 8 0 0 0 0
260 106 0 0 0 0 0 0 0 0
261 106 0 0 0 0 0 0 0 0
262 106 0 0 0 0 0 0 0 0
263 106 0 0 0 0 0 0 0 0
264 106 0 0 0 0 0 0 0 0
267 3000 1 1 600 0 0 0 0 0
273 76 0 0 0 0 0 0 0 0
274 76 0 0 0 0 0 0 0 0
275 76 0 0 76 0 0 0 0 0
276 76 0 0 0 0 0 0 0 0
277 76 0 0 76 0 0 0 0 0
279 76 0 0 0 0 0 0 0 0
280 76 0 0 0 0 0 0 0 0
281 76 0 0 0 0 0 0 0 0
282 76 0 0 0 0 0 0 0 0
285 1665 1 1 0 0 0 0 0 0
286 1665 0 0 0 0 0 0 0 0
287 1555 0 0 0 0 0 0 0 0
288 1555 0 0 0 0 0 0 0 0
289 1555 0 0 0 0 0 0 0 0
290 1555 0 0 1555 0 0 0 0 0
291 1555 0 0 0 0 0 0 0 0
292 1225 0 0 0 0 0 0 0 0
318 815 0 0 815 5 0 0 0 0
319 815 0 0 0 0 0 0 0 0
320 815 0 0 0 0 0 0 0 0
321 815 0 0 0 0 0 0 0 0
322 496 0 0 0 0 0 0 0 0
325 826 0 0 826 8 0 0 0 0
326 826 0 0 0 0 0 0 0 0
327 826 0 0 0 0 0 0 0 0
328 826 0 0 0 0 0 0 0 0
329 685 0 0 0 0 0 0 0 0
333 460 1 1 0 0 0 0 0 0
334 460 0 0 460 0 0 0 0 0
341 460 0 0 0 0 0 0 0 0
345 1095 0 0 0 0 0 0 0 0
351 1205 0 0 1205 0 0 0 0 0
352 1205 0 0 0 0 0 0 0 0
354 1205 0 0 0 0 0 0 0 0
355 1205 0 0 1205 0 0 0 0 0
356 1205 0 0 0 0 0 0 0 0
357 786 0 0 0 0 0 0 0 0
361 562 0 0 0 0 0 0 0 0
362 562 0 0 0 0 0 0 0 0
363 562 0 0 0 0 0 0 0 0
364 562 0 0 0 0 0 0 0 0
365 562 0 0 0 0 0 0 0 0
366 114 0 0 0 0 0 0 0 0
367 111 0 0 111 4 0 0 0 0
368 111 0 0 0 0 0 0 0 0
369 111 0 0 0 0 0 0 0 0
370 111 0 0 0 0 0 0 0 0
371 69 0 0 69 0 0 0 0 0
372 69 0 0 0 0 0 0 0 0
374 448 0 0 0 0 0 0 0 0
375 448 0 0 0 0 0 0 0 0
378 3 0 0 0 0 0 0 0 0
379 3 0 0 0 0 0 0 0 0
383 2 0 0 2 1 0 0 0 0
384 2 0 0 4 0 0 0 0 0
392 2 0 0 0 0 0 0 0 0
393 2 0 0 0 0 0 0 0 0
397 42 0 0 0 0 0 0 0 0
398 42 0 0 0 0 0 0 0 0
399 42 0 0 0 0 0 0 0 0
403 337 1 1 0 0 0 0 0 0
404 337 0 0 0 0 0 0 0 0
405 337 0 0 0 0 0 0 0 0
406 337 1 1 0 0 0 0 0 0
407 337 0 0 0 0 0 0 0 0
408 123 0 0 0 0 0 0 0 0
409 117 0 0 117 9 1 0 0 0
410 117 0 0 0 0 0 0 0 0
411 117 0 0 0 0 0 0 0 0
412 117 0 0 0 0 0 0 0 0
413 44 0 0 44 0 0 0 0 0
414 44 0 0 0 0 0 0 0 0
416 214 0 0 0 0 0 0 0 0
417 214 0 0 0 0 0 0 0 0
419 6 0 0 0 0 0 0 0 0
420 6 0 0 0 0 0 0 0 0
422 3 0 0 3 1 0 0 0 0
423 3 0 0 0 0 0 0 0 0
427 3 0 0 0 0 0 0 0 0
430 73 0 0 0 0 0 0 0 0
431 73 0 0 0 0 0 0 0 0
432 73 0 0 0 0 0 0 0 0
436 477 1 1 0 0 0 0 0 0
437 477 0 0 0 0 0 0 0 0
438 477 0 0 0 0 0 0 0 0
439 477 0 0 0 0 0 0 0 0
440 477 0 0 0 0 0 0 0 0
441 209 0 0 0 0 0 0 0 0
442 206 0 0 206 15 2 0 0 0
443 206 0 0 0 0 0 0 0 0
444 206 0 0 0 0 0 0 0 0
445 206 0 0 0 0 0 0 0 0
446 58 0 0 58 0 0 0 0 0
447 58 0 0 0 0 0 0 0 0
449 268 0 0 0 0 0 0 0 0
450 268 0 0 0 0 0 0 0 0
452 3 0 0 0 0 0 0 0 0
453 3 0 0 0 0 0 0 0 0
454 3 0 0 3 1 0 0 0 0
456 151 0 0 0 0 0 0 0 0
457 151 0 0 0 0 0 0 0 0
458 151 0 0 0 0 0 0 0 0
461 4 0 0 0 0 0 0 0 0
462 4 0 0 8 0 0 0 0 0
470 4 0 0 0 0 0 0 0 0
475 1199 1 1 0 0 0 0 0 0
476 1199 0 0 0 0 0 0 0 0
479 1199 0 0 0 0 0 0 0 0
480 1199 0 0 0 0 0 0 0 0
481 1199 0 0 0 0 0 0 0 0
482 1199 0 0 0 0 0 0 0 0
483 1199 0 0 0 0 0 0 0 0
484 1199 0 0 0 0 0 0 0 0
485 1199 0 0 0 0 0 0 0 0
486 1199 0 0 2398 0 0 0 0 0
493 1199 0 0 0 0 0 0 0 0
494 1199 0 0 0 0 0 0 0 0
fl=/build/glibc-2.31/string/../sysdeps/arm/memmove.S
fn=memmove
70 5 2 1 0 0 0 0 0 0
71 5 0 0 0 0 0 0 0 0
73 5 0 0 0 0 0 0 0 0
78 5 0 0 0 0 0 15 0 0
85 5 0 0 0 0 0 0 0 0
86 5 0 0 0 0 0 0 0 0
87 5 0 0 0 0 0 0 0 0
88 5 0 0 0 0 0 0 0 0
89 5 0 0 0 0 0 0 0 0
90 5 0 0 0 0 0 0 0 0
91 5 0 0 0 0 0 0 0 0
92 5 0 0 0 0 0 0 0 0
93 5 5 1 0 0 0 0 0 0
95 5 0 0 0 0 0 0 0 0
96 5 0 0 0 0 0 20 0 0
102 5 0 0 0 0 0 0 0 0
131 5 5 1 0 0 0 0 0 0
132 5 0 0 0 0 0 0 0 0
135 5 0 0 0 0 0 0 0 0
161 5 0 0 5 0 0 0 0 0
163 5 0 0 5 0 0 0 0 0
165 5 0 0 5 0 0 0 0 0
168 5 0 0 0 0 0 0 0 0
190 5 1 1 0 0 0 5 0 0
192 5 0 0 0 0 0 5 0 0
194 5 0 0 0 0 0 5 0 0
204 5 0 0 20 0 0 0 0 0
211 5 0 0 0 0 0 0 0 0
212 5 0 0 0 0 0 0 0 0
213 5 0 0 0 0 0 0 0 0
214 5 0 0 0 0 0 0 0 0
215 5 0 0 0 0 0 0 0 0
216 5 0 0 0 0 0 0 0 0
217 5 0 0 0 0 0 0 0 0
227 5 0 0 15 0 0 0 0 0
fl=/build/glibc-2.31/string/../sysdeps/arm/memset.S
fn=memset
29 38 1 1 0 0 0 0 0 0
30 38 0 0 0 0 0 0 0 0
31 38 0 0 0 0 0 0 0 0
34 38 0 0 0 0 0 0 0 0
35 38 0 0 0 0 0 3 1 1
36 38 0 0 0 0 0 0 0 0
37 38 0 0 0 0 0 0 0 0
39 35 0 0 0 0 0 0 0 0
40 35 0 0 0 0 0 0 0 0
41 35 0 0 0 0 0 0 0 0
42 35 0 0 0 0 0 0 0 0
45 1626 0 0 0 0 0 0 0 0
46 1626 1 1 0 0 0 3228 163 163
47 1626 0 0 0 0 0 0 0 0
48 1626 0 0 0 0 0 3212 301 301
49 1626 0 0 0 0 0 0 0 0
50 1626 0 0 0 0 0 3194 183 183
51 1626 0 0 0 0 0 0 0 0
52 1626 0 0 0 0 0 3182 177 177
53 1626 0 0 0 0 0 0 0 0
55 35 0 0 0 0 0 0 0 0
57 54 0 0 0 0 0 0 0 0
58 54 0 0 0 0 0 16 4 4
59 54 0 0 0 0 0 0 0 0
60 54 0 0 0 0 0 16 0 0
61 54 0 0 0 0 0 0 0 0
62 54 0 0 0 0 0 16 0 0
63 54 0 0 0 0 0 0 0 0
64 54 0 0 0 0 0 16 0 0
65 54 0 0 0 0 0 0 0 0
67 38 0 0 0 0 0 0 0 0
fl=/build/glibc-2.31/string/memcmp.c
fn=bcmp
96 102 0 0 0 0 0 68 0 0
101 34 33 1 34 0 0 0 0 0
102 34 0 0 34 0 0 0 0 0
106 102 0 0 0 0 0 0 0 0
107 34 0 0 0 0 0 0 0 0
122 307 33 1 39 26 3 0 0 0
148 1 0 0 0 0 0 0 0 0
149 1 0 0 0 0 0 0 0 0
150 1 1 0 0 0 0 0 0 0
158 3 0 0 1 0 0 0 0 0
159 2 1 1 1 0 0 0 0 0
160 2 0 0 0 0 0 0 0 0
164 39 34 1 39 5 0 0 0 0
165 39 0 0 39 0 0 0 0 0
166 78 1 0 0 0 0 0 0 0
170 39 0 0 39 0 0 0 0 0
171 39 0 0 39 0 0 0 0 0
172 78 0 0 0 0 0 0 0 0
173 34 0 0 0 0 0 0 0 0
176 5 0 0 5 0 0 0 0 0
177 5 0 0 5 0 0 0 0 0
178 10 0 0 0 0 0 0 0 0
181 10 0 0 0 0 0 0 0 0
182 5 0 0 0 0 0 0 0 0
185 10 5 1 0 0 0 0 0 0
190 10 0 0 0 0 0 0 0 0
302 238 0 0 0 0 0 1071 2 2
305 119 0 0 0 0 0 0 0 0
306 119 0 0 0 0 0 0 0 0
309 119 0 0 0 0 0 0 0 0
313 117 0 0 0 0 0 0 0 0
329 195 35 1 39 1 1 0 0 0
333 68 0 0 0 0 0 0 0 0
337 10 0 0 0 0 0 0 0 0
338 5 0 0 0 0 0 0 0 0
339 5 0 0 0 0 0 0 0 0
343 1594 34 1 0 0 0 0 0 0
345 602 0 0 602 1 1 0 0 0
346 602 0 0 602 37 3 0 0 0
347 602 0 0 0 0 0 0 0 0
350 1204 0 0 0 0 0 0 0 0
355 10 0 0 0 0 0 0 0 0
356 238 3 1 1071 0 0 0 0 0
fn=memchr
309 119 6 1 0 0 0 0 0 0
fl=/build/glibc-2.31/string/mempcpy.c
fn=???
34 179 1 1 0 0 0 358 13 1
fn=mempcpy
34 179 0 0 0 0 0 0 0 0
35 179 0 0 0 0 0 0 0 0
36 358 0 0 358 0 0 0 0 0
fl=/build/glibc-2.31/string/strcspn.c
fn=???
32 1 1 1 0 0 0 5 1 1
fn=strcspn
32 2 0 0 0 0 0 0 0 0
33 3 0 0 1 1 1 0 0 0
34 4 0 0 1 0 0 0 0 0
39 5 0 0 0 0 0 0 0 0
40 4 1 1 0 0 0 0 0 0
41 4 0 0 0 0 0 0 0 0
42 4 0 0 0 0 0 0 0 0
44 1 0 0 0 0 0 0 0 0
47 7 0 0 2 0 0 3 0 0
48 6 0 0 0 0 0 0 0 0
51 4 0 0 2 0 0 0 0 0
52 4 0 0 2 0 0 0 0 0
53 4 1 1 2 0 0 0 0 0
54 4 0 0 2 0 0 0 0 0
56 1 0 0 0 0 0 0 0 0
62 32 0 0 32 0 0 0 0 0
63 16 0 0 16 0 0 0 0 0
64 32 0 0 32 0 0 0 0 0
65 16 0 0 16 0 0 0 0 0
67 96 0 0 32 0 0 0 0 0
69 1 0 0 0 0 0 0 0 0
70 3 0 0 0 0 0 0 0 0
71 2 0 0 5 0 0 0 0 0
fl=/build/glibc-2.31/string/strdup.c
fn=???
40 35 1 1 0 0 0 70 0 0
fn=strdup
40 70 0 0 0 0 0 0 0 0
41 70 0 0 0 0 0 0 0 0
42 105 0 0 0 0 0 35 0 0
44 35 0 0 0 0 0 0 0 0
47 105 0 0 35 0 0 0 0 0
48 70 0 0 70 0 0 0 0 0
fl=???
fn=???
0 753 79 4 240 27 1 0 0 0
fn=__memcpy_from_thumb
0 70 0 0 35 28 0 0 0 0
fn=__memset_from_thumb
0 35 6 1 0 0 0 0 0 0
summary: 374760 1657 345 81119 6689 807 47307 1590 1265
